0	38
0	39
0	45
0	39
0	38
0	36
0	44
0	32
0	37
0	38
0	28
0	32
0	32
0	31
0	30
0	26
0	28
0	29
0	31
0	30
0	38
0	41
0	39
0	36
0	35
0	37
0	39
0	38
0	37
0	40
0	23
0	32
0	23
0	40
0	39
0	38
0	37
0	34
0	38
0	39
0	34
0	31
0	27
0	28
0	31
0	26
0	26
0	25
0	25
0	27
0	41
0	44
0	44
0	44
0	43
0	41
0	44
0	40
0	42
0	43
0	34
0	39
0	37
0	35
0	34
0	35
0	39
0	37
0	35
0	38
0	36
0	36
0	37
0	36
0	35
0	33
0	35
0	37
0	34
0	33
0	33
0	33
0	31
0	32
0	34
0	31
0	30
0	32
0	28
0	30
0	33
0	31
0	27
0	30
0	29
0	31
0	31
0	28
0	30
0	29
0	30
0	30
0	30
0	32
0	35
0	35
0	33
0	37
0	37
0	35
0	35
0	33
0	30
0	33
0	31
0	33
0	29
0	32
0	41
0	31
0	38
0	38
0	40
0	32
0	34
0	42
0	41
0	37
0	42
0	47
0	35
0	37
0	37
0	40
0	40
0	41
0	42
0	44
0	44
0	42
0	36
0	26
0	34
0	37
0	34
0	34
0	36
0	35
0	34
0	36
0	38
0	43
0	37
0	33
0	38
0	37
0	37
0	38
0	36
0	37
0	28
0	31
0	28
0	29
0	31
0	26
0	27
0	23
0	24
0	27
0	32
0	35
0	36
0	33
0	34
0	30
0	30
0	33
0	29
0	33
0	37
0	38
0	38
0	36
0	36
0	39
0	33
0	43
0	39
0	37
0	36
0	38
0	37
0	33
0	33
0	31
0	32
0	40
0	35
0	35
0	39
0	41
0	40
0	36
0	37
0	42
0	35
0	36
0	38
0	38
0	40
0	40
0	37
0	39
0	37
0	36
0	35
0	28
0	35
0	36
0	26
0	43
0	30
0	33
0	30
0	34
0	32
0	32
0	32
0	33
0	27
0	25
0	25
0	23
0	32
0	32
0	30
0	36
0	39
0	31
0	29
0	27
0	26
0	25
0	29
0	26
0	27
0	25
0	27
0	27
0	38
0	37
0	33
0	36
0	36
0	35
0	37
0	37
0	36
0	36
0	32
0	32
0	29
0	30
0	29
0	30
0	30
0	31
0	29
0	33
0	29
0	24
0	30
0	29
0	30
0	27
0	28
0	25
0	28
0	27
0	36
0	37
0	37
0	37
0	38
0	36
0	39
0	40
0	37
0	40
0	34
0	37
0	32
0	36
0	35
0	36
0	36
0	36
0	33
0	36
0	39
0	36
0	36
0	36
0	37
0	36
0	39
0	43
0	39
0	37
0	40
0	38
0	39
0	39
0	36
0	39
0	39
0	39
0	38
0	36
0	58
0	61
0	50
0	65
0	60
0	59
0	54
0	62
0	53
0	60
0	29
0	37
0	34
0	30
0	31
0	32
0	31
0	33
0	31
0	30
0	38
0	29
0	33
0	34
0	33
0	33
0	30
0	36
0	37
0	33
0	49
0	50
0	45
0	41
0	49
0	50
0	47
0	50
0	50
0	46
0	32
0	26
0	27
0	32
0	31
0	28
0	27
0	25
0	29
0	32
0	40
0	38
0	48
0	48
0	60
0	35
0	33
0	28
0	35
0	38
0	33
0	29
0	41
0	39
0	32
0	31
0	32
0	32
0	31
0	31
0	31
0	23
0	30
0	26
0	31
0	24
0	25
0	26
0	30
0	26
0	33
0	34
0	32
0	33
0	35
0	33
0	34
0	32
0	34
0	32
0	42
0	42
0	40
0	44
0	44
0	46
0	41
0	47
0	46
0	44
0	39
0	36
0	37
0	36
0	34
0	34
0	36
0	37
0	35
0	35
0	37
0	36
0	38
0	38
0	36
0	46
0	35
0	36
0	35
0	36
0	44
0	43
0	41
0	41
0	39
0	44
0	43
0	46
0	45
0	45
0	37
0	27
0	37
0	37
0	38
0	36
0	33
0	37
0	37
0	33
0	42
0	26
0	34
0	35
0	27
0	33
0	30
0	31
0	34
0	26
0	38
0	42
0	40
0	30
0	30
0	21
0	34
0	40
0	38
0	30
0	45
0	47
0	37
0	45
0	46
0	33
0	42
0	41
0	43
0	44
0	38
0	37
0	37
0	36
0	31
0	30
0	32
0	28
0	30
0	33
0	49
0	45
0	48
0	47
0	49
0	52
0	50
0	49
0	49
0	58
0	44
0	37
0	36
0	42
0	30
0	36
0	34
0	38
0	37
0	34
0	33
0	31
0	33
0	38
0	27
0	34
0	34
0	32
0	28
0	26
0	48
0	47
0	46
0	39
0	48
0	47
0	47
0	46
0	42
0	45
0	36
0	38
0	38
0	37
0	39
0	39
0	39
0	33
0	38
0	38
0	32
0	33
0	33
0	32
0	34
0	29
0	41
0	43
0	40
0	32
0	48
0	42
0	42
0	45
0	45
0	43
0	42
0	48
0	46
0	41
0	31
0	39
0	37
0	34
0	37
0	32
0	40
0	37
0	33
0	35
0	32
0	37
0	33
0	34
0	33
0	38
0	38
0	35
0	38
0	36
0	26
0	36
0	33
0	33
0	32
0	39
0	39
0	31
0	33
0	32
0	22
0	27
0	31
0	25
0	25
0	26
0	27
0	32
0	29
0	35
0	26
0	28
0	21
0	26
0	26
0	25
0	24
0	25
0	26
0	25
0	39
0	33
0	30
0	32
0	35
0	31
0	30
0	32
0	32
0	30
0	29
0	27
0	24
0	29
0	25
0	25
0	25
0	24
0	26
0	26
0	28
0	33
0	32
0	32
0	32
0	30
0	36
0	35
0	31
0	31
0	41
0	41
0	38
0	36
0	35
0	32
0	32
0	32
0	32
0	33
1	32
1	31
1	31
1	37
1	37
1	31
1	37
1	35
1	34
1	30
1	31
1	34
1	29
1	35
1	31
1	31
1	27
1	31
1	35
1	32
1	34
1	38
1	35
1	50
1	49
1	36
1	34
1	36
1	46
1	36
1	29
1	26
1	34
1	33
1	28
1	32
1	31
1	31
1	31
1	28
1	25
1	28
1	26
1	24
1	27
1	23
1	24
1	27
1	25
1	26
1	32
1	33
1	32
1	34
1	33
1	35
1	36
1	30
1	35
1	36
1	36
1	35
1	33
1	41
1	33
1	36
1	30
1	34
1	39
1	38
1	31
1	31
1	32
1	30
1	33
1	30
1	31
1	34
1	30
1	30
1	26
1	27
1	27
1	25
1	25
1	25
1	25
1	29
1	29
1	25
1	30
1	29
1	28
1	27
1	27
1	29
1	27
1	28
1	27
1	26
1	35
1	35
1	30
1	33
1	35
1	35
1	39
1	35
1	36
1	36
1	26
1	24
1	23
1	32
1	30
1	28
1	26
1	27
1	37
1	29
1	37
1	41
1	43
1	44
1	34
1	39
1	36
1	37
1	39
1	42
1	34
1	31
1	32
1	34
1	30
1	38
1	36
1	34
1	39
1	33
1	28
1	30
1	30
1	31
1	32
1	28
1	34
1	30
1	37
1	35
1	29
1	36
1	31
1	37
1	35
1	34
1	33
1	32
1	33
1	34
1	26
1	27
1	33
1	50
1	29
1	33
1	29
1	34
1	29
1	31
1	31
1	29
1	28
1	31
1	27
1	31
1	31
1	30
1	30
1	27
1	37
1	40
1	35
1	41
1	42
1	39
1	41
1	38
1	40
1	38
1	33
1	28
1	29
1	30
1	32
1	29
1	28
1	29
1	31
1	32
1	33
1	35
1	37
1	33
1	42
1	44
1	40
1	40
1	37
1	42
1	42
1	47
1	42
1	39
1	36
1	40
1	39
1	40
1	38
1	38
1	37
1	36
1	36
1	34
1	37
1	35
1	40
1	36
1	34
1	36
1	33
1	23
1	27
1	31
1	23
1	31
1	37
1	29
1	27
1	33
1	28
1	30
1	26
1	28
1	25
1	27
1	27
1	28
1	24
1	27
1	27
1	28
1	26
1	28
1	28
1	29
1	29
1	29
1	27
1	27
1	31
1	31
1	28
1	37
1	31
1	33
1	35
1	36
1	29
1	31
1	24
1	19
1	21
1	23
1	21
1	22
1	22
1	21
1	26
1	24
1	33
1	32
1	28
1	29
1	31
1	31
1	34
1	32
1	33
1	35
1	32
1	29
1	35
1	27
1	29
1	30
1	34
1	35
1	37
1	32
1	38
1	28
1	30
1	30
1	31
1	30
1	32
1	32
1	34
1	33
1	53
1	46
1	32
1	34
1	32
1	40
1	30
1	31
1	32
1	32
1	51
1	45
1	48
1	50
1	45
1	48
1	49
1	53
1	49
1	47
1	35
1	37
1	37
1	37
1	37
1	37
1	35
1	35
1	38
1	34
1	38
1	24
1	28
1	26
1	26
1	26
1	27
1	29
1	27
1	28
1	45
1	41
1	45
1	45
1	47
1	43
1	45
1	50
1	47
1	52
1	29
1	25
1	33
1	26
1	28
1	31
1	31
1	31
1	32
1	30
1	39
1	37
1	38
1	62
1	57
1	40
1	42
1	37
1	41
1	40
1	33
1	34
1	35
1	38
1	34
1	37
1	36
1	39
1	40
1	41
1	40
1	43
1	34
1	39
1	34
1	31
1	31
1	33
1	39
1	36
1	36
1	35
1	37
1	31
1	39
1	38
1	39
1	37
1	36
1	38
1	44
1	39
1	36
1	40
1	39
1	40
1	38
1	40
1	40
1	40
1	51
1	43
1	50
1	48
1	48
1	51
1	47
1	48
1	45
1	50
1	34
1	37
1	36
1	38
1	39
1	38
1	40
1	36
1	39
1	39
1	38
1	38
1	42
1	37
1	39
1	36
1	41
1	37
1	38
1	44
1	33
1	33
1	29
1	35
1	35
1	34
1	34
1	32
1	33
1	35
1	33
1	30
1	35
1	31
1	31
1	30
1	31
1	31
1	27
1	29
1	38
1	34
1	32
1	33
1	24
1	28
1	31
1	33
1	30
1	34
1	36
1	40
1	37
1	36
1	37
1	42
1	37
1	44
1	38
1	41
1	42
1	36
1	36
1	37
1	35
1	35
1	35
1	36
1	38
1	35
1	34
1	37
1	37
1	42
1	40
1	43
1	45
1	46
1	46
1	38
1	34
1	29
1	30
1	35
1	34
1	32
1	33
1	33
1	32
1	34
1	40
1	39
1	38
1	38
1	34
1	39
1	37
1	35
1	40
1	41
1	48
1	46
1	36
1	44
1	49
1	36
1	37
1	37
1	46
1	47
1	36
1	33
1	35
1	32
1	32
1	35
1	36
1	37
1	34
1	33
1	28
1	25
1	20
1	24
1	22
1	29
1	32
1	26
1	20
1	28
1	43
1	37
1	42
1	41
1	49
1	38
1	38
1	48
1	41
1	42
1	30
1	37
1	36
1	32
1	35
1	35
1	35
1	30
1	35
1	36
1	43
1	43
1	41
1	40
1	42
1	43
1	43
1	40
1	45
1	42
1	34
1	32
1	31
1	29
1	37
1	38
1	36
1	34
1	28
1	26
1	24
1	26
1	24
1	24
1	24
1	27
1	27
1	31
1	32
1	26
1	30
1	26
1	33
1	30
1	33
1	33
1	34
1	31
1	35
1	30
1	43
1	35
1	43
1	38
1	41
1	39
1	33
1	38
1	42
1	36
1	32
1	29
1	29
1	31
1	24
1	25
1	27
1	31
1	28
1	25
1	34
1	32
1	34
1	31
1	32
1	32
1	35
1	36
1	35
1	32
1	37
1	34
1	37
1	32
1	33
1	33
1	35
1	36
1	35
1	33
2	35
2	37
2	40
2	39
2	49
2	36
2	40
2	38
2	40
2	37
2	35
2	40
2	39
2	39
2	37
2	38
2	37
2	36
2	41
2	38
2	45
2	52
2	49
2	49
2	48
2	46
2	45
2	46
2	46
2	45
2	22
2	37
2	38
2	39
2	39
2	48
2	39
2	41
2	39
2	39
2	39
2	28
2	36
2	38
2	27
2	40
2	40
2	27
2	38
2	39
2	37
2	37
2	39
2	37
2	41
2	38
2	38
2	39
2	38
2	39
2	45
2	39
2	43
2	41
2	39
2	33
2	46
2	40
2	39
2	38
2	39
2	39
2	33
2	36
2	30
2	40
2	32
2	35
2	36
2	36
2	33
2	34
2	33
2	36
2	35
2	31
2	32
2	34
2	33
2	34
2	38
2	37
2	39
2	38
2	37
2	40
2	36
2	37
2	39
2	36
2	42
2	39
2	41
2	42
2	44
2	40
2	37
2	38
2	38
2	41
2	36
2	38
2	37
2	27
2	44
2	41
2	40
2	26
2	43
2	41
2	45
2	45
2	40
2	46
2	45
2	45
2	42
2	44
2	42
2	44
2	52
2	49
2	51
2	49
2	51
2	51
2	52
2	52
2	46
2	47
2	39
2	37
2	37
2	39
2	39
2	37
2	40
2	39
2	40
2	40
2	44
2	42
2	42
2	45
2	41
2	38
2	25
2	45
2	45
2	40
2	34
2	36
2	38
2	37
2	41
2	38
2	41
2	37
2	34
2	32
2	36
2	38
2	38
2	39
2	25
2	42
2	40
2	40
2	23
2	37
2	45
2	49
2	45
2	48
2	48
2	44
2	48
2	43
2	44
2	45
2	43
2	47
2	42
2	42
2	43
2	40
2	39
2	39
2	43
2	43
2	49
2	32
2	47
2	38
2	42
2	45
2	54
2	54
2	43
2	28
2	49
2	40
2	42
2	41
2	43
2	39
2	45
2	44
2	43
2	38
2	41
2	40
2	39
2	42
2	41
2	38
2	40
2	39
2	39
2	39
2	23
2	34
2	38
2	34
2	38
2	40
2	38
2	39
2	38
2	36
2	32
2	33
2	33
2	33
2	35
2	33
2	32
2	29
2	33
2	34
2	35
2	31
2	33
2	35
2	35
2	30
2	33
2	35
2	35
2	35
2	39
2	38
2	39
2	35
2	41
2	34
2	38
2	35
2	36
2	38
2	22
2	19
2	22
2	35
2	32
2	22
2	32
2	35
2	33
2	21
2	38
2	41
2	41
2	37
2	38
2	39
2	43
2	41
2	37
2	39
2	41
2	39
2	41
2	40
2	34
2	36
2	41
2	38
2	37
2	36
2	40
2	39
2	38
2	40
2	40
2	40
2	41
2	40
2	40
2	47
2	40
2	39
2	34
2	38
2	39
2	38
2	34
2	37
2	37
2	39
2	52
2	53
2	56
2	55
2	59
2	56
2	60
2	58
2	54
2	63
2	50
2	56
2	51
2	37
2	51
2	31
2	37
2	29
2	40
2	39
2	41
2	35
2	35
2	36
2	40
2	36
2	36
2	34
2	39
2	35
2	54
2	53
2	56
2	56
2	55
2	53
2	54
2	55
2	51
2	58
2	50
2	40
2	39
2	42
2	48
2	49
2	44
2	54
2	45
2	51
2	54
2	56
2	93
2	86
2	60
2	58
2	51
2	52
2	52
2	54
2	46
2	49
2	50
2	53
2	56
2	48
2	48
2	50
2	50
2	47
2	50
2	51
2	49
2	52
2	49
2	52
2	48
2	45
2	46
2	49
2	51
2	51
2	50
2	50
2	49
2	47
2	49
2	49
2	51
2	51
2	46
2	41
2	43
2	44
2	41
2	41
2	46
2	43
2	44
2	44
2	54
2	53
2	54
2	52
2	50
2	52
2	51
2	53
2	57
2	54
2	48
2	47
2	47
2	51
2	48
2	46
2	43
2	47
2	48
2	44
2	40
2	47
2	53
2	56
2	42
2	55
2	52
2	48
2	54
2	44
2	41
2	41
2	44
2	41
2	46
2	42
2	44
2	44
2	41
2	43
2	43
2	42
2	49
2	49
2	43
2	36
2	39
2	41
2	46
2	26
2	26
2	40
2	38
2	42
2	34
2	32
2	37
2	42
2	38
2	40
2	57
2	55
2	59
2	53
2	52
2	52
2	52
2	54
2	49
2	53
2	42
2	38
2	40
2	43
2	39
2	39
2	40
2	37
2	40
2	36
2	46
2	48
2	53
2	52
2	60
2	51
2	63
2	64
2	50
2	54
2	44
2	47
2	46
2	41
2	47
2	43
2	41
2	47
2	44
2	41
2	45
2	42
2	40
2	43
2	30
2	44
2	44
2	46
2	43
2	40
2	50
2	44
2	41
2	46
2	44
2	45
2	44
2	41
2	43
2	44
2	43
2	44
2	40
2	41
2	44
2	44
2	43
2	41
2	43
2	40
2	30
2	32
2	30
2	40
2	32
2	58
2	47
2	53
2	30
2	38
2	59
2	54
2	64
2	61
2	61
2	64
2	56
2	54
2	60
2	59
2	45
2	42
2	39
2	41
2	39
2	39
2	44
2	45
2	42
2	48
2	49
2	52
2	44
2	42
2	44
2	46
2	48
2	47
2	49
2	53
2	28
2	39
2	39
2	40
2	42
2	44
2	42
2	38
2	38
2	42
2	33
2	35
2	41
2	37
2	39
2	37
2	36
2	35
2	37
2	37
2	39
2	38
2	38
2	42
2	46
2	44
2	40
2	28
2	41
2	42
2	54
2	53
2	46
2	52
2	46
2	43
2	47
2	50
2	38
2	45
2	35
2	37
2	24
2	33
2	33
2	33
2	34
2	36
2	40
2	38
2	47
2	52
2	52
2	50
2	47
2	46
2	52
2	47
2	50
2	46
2	43
2	42
2	37
2	41
2	38
2	37
2	36
2	38
2	37
2	35
3	38
3	39
3	42
3	37
3	40
3	40
3	42
3	44
3	38
3	40
3	35
3	38
3	39
3	37
3	37
3	33
3	36
3	35
3	35
3	33
3	48
3	48
3	50
3	50
3	48
3	46
3	47
3	44
3	41
3	49
3	45
3	40
3	43
3	43
3	43
3	44
3	43
3	42
3	41
3	42
3	38
3	40
3	40
3	37
3	39
3	40
3	43
3	39
3	38
3	38
3	43
3	45
3	44
3	41
3	45
3	44
3	44
3	46
3	46
3	42
3	44
3	44
3	44
3	45
3	44
3	44
3	46
3	46
3	48
3	48
3	46
3	46
3	42
3	42
3	41
3	42
3	43
3	42
3	42
3	43
3	37
3	39
3	37
3	37
3	36
3	36
3	35
3	36
3	35
3	32
3	37
3	38
3	38
3	39
3	39
3	40
3	41
3	41
3	39
3	37
3	46
3	45
3	44
3	43
3	41
3	43
3	43
3	44
3	44
3	44
3	33
3	35
3	39
3	41
3	40
3	41
3	39
3	40
3	37
3	39
3	54
3	53
3	52
3	54
3	50
3	53
3	52
3	56
3	51
3	52
3	44
3	47
3	45
3	46
3	45
3	47
3	48
3	49
3	47
3	44
3	40
3	42
3	47
3	45
3	46
3	46
3	50
3	49
3	50
3	51
3	44
3	45
3	46
3	47
3	42
3	43
3	44
3	41
3	45
3	41
3	37
3	39
3	40
3	41
3	41
3	40
3	41
3	40
3	38
3	35
3	43
3	42
3	43
3	43
3	44
3	45
3	44
3	42
3	44
3	41
3	45
3	45
3	48
3	45
3	46
3	45
3	46
3	44
3	45
3	45
3	48
3	45
3	44
3	43
3	44
3	40
3	45
3	39
3	44
3	46
3	44
3	45
3	44
3	46
3	44
3	44
3	45
3	44
3	48
3	46
3	45
3	53
3	51
3	43
3	44
3	48
3	39
3	38
3	41
3	39
3	43
3	49
3	46
3	46
3	48
3	47
3	47
3	50
3	44
3	45
3	36
3	33
3	35
3	38
3	31
3	33
3	38
3	42
3	38
3	40
3	36
3	39
3	39
3	39
3	39
3	39
3	39
3	39
3	38
3	39
3	37
3	37
3	37
3	37
3	37
3	36
3	39
3	39
3	39
3	37
3	45
3	47
3	46
3	42
3	46
3	45
3	43
3	45
3	44
3	45
3	25
3	27
3	28
3	30
3	27
3	27
3	29
3	28
3	39
3	32
3	44
3	40
3	42
3	42
3	43
3	50
3	39
3	43
3	50
3	53
3	43
3	41
3	41
3	41
3	41
3	40
3	41
3	42
3	42
3	42
3	38
3	27
3	26
3	43
3	43
3	44
3	44
3	46
3	44
3	44
3	41
3	41
3	42
3	39
3	41
3	40
3	41
3	42
3	45
3	44
3	55
3	63
3	59
3	53
3	62
3	54
3	55
3	57
3	57
3	62
3	52
3	49
3	49
3	49
3	49
3	49
3	49
3	50
3	46
3	45
3	37
3	38
3	39
3	40
3	40
3	38
3	38
3	37
3	37
3	37
3	56
3	60
3	58
3	59
3	56
3	58
3	57
3	58
3	58
3	57
3	47
3	40
3	43
3	42
3	44
3	43
3	45
3	44
3	42
3	46
3	49
3	57
3	70
3	61
3	83
3	50
3	49
3	56
3	50
3	49
3	49
3	51
3	51
3	53
3	51
3	48
3	50
3	49
3	49
3	54
3	48
3	48
3	50
3	47
3	47
3	50
3	49
3	47
3	44
3	47
3	46
3	46
3	45
3	44
3	47
3	46
3	45
3	46
3	47
3	47
3	48
3	43
3	41
3	43
3	43
3	43
3	46
3	47
3	44
3	49
3	56
3	56
3	55
3	54
3	56
3	57
3	50
3	55
3	57
3	60
3	53
3	50
3	50
3	53
3	52
3	51
3	52
3	51
3	52
3	50
3	43
3	43
3	46
3	44
3	47
3	47
3	47
3	49
3	47
3	46
3	40
3	42
3	41
3	41
3	43
3	45
3	42
3	41
3	42
3	43
3	38
3	43
3	45
3	40
3	42
3	45
3	46
3	43
3	46
3	47
3	30
3	39
3	37
3	31
3	27
3	34
3	37
3	35
3	42
3	43
3	54
3	51
3	52
3	52
3	59
3	55
3	59
3	58
3	60
3	59
3	37
3	41
3	40
3	38
3	38
3	35
3	38
3	39
3	38
3	36
3	51
3	50
3	51
3	55
3	50
3	52
3	62
3	52
3	63
3	54
3	47
3	44
3	45
3	46
3	45
3	49
3	46
3	45
3	44
3	43
3	47
3	47
3	44
3	45
3	44
3	42
3	49
3	48
3	45
3	48
3	49
3	47
3	47
3	50
3	47
3	50
3	50
3	45
3	50
3	51
3	47
3	46
3	46
3	48
3	45
3	49
3	50
3	45
3	49
3	50
3	49
3	44
3	42
3	40
3	34
3	60
3	50
3	44
3	34
3	46
3	53
3	50
3	56
3	55
3	47
3	48
3	51
3	48
3	50
3	50
3	47
3	51
3	48
3	44
3	48
3	48
3	45
3	46
3	47
3	46
3	50
3	52
3	50
3	51
3	53
3	53
3	52
3	57
3	55
3	58
3	47
3	45
3	42
3	43
3	47
3	46
3	42
3	42
3	45
3	42
3	22
3	37
3	40
3	42
3	38
3	40
3	39
3	40
3	41
3	37
3	38
3	38
3	38
3	39
3	43
3	44
3	38
3	38
3	38
3	40
3	51
3	49
3	50
3	52
3	49
3	49
3	46
3	51
3	45
3	50
3	40
3	39
3	39
3	40
3	37
3	38
3	39
3	36
3	38
3	41
3	49
3	44
3	55
3	44
3	38
3	45
3	56
3	42
3	56
3	47
3	48
3	39
3	41
3	46
3	43
3	43
3	43
3	44
3	44
3	42
4	31
4	30
4	39
4	36
4	36
4	39
4	39
4	40
4	36
4	35
4	35
4	35
4	35
4	34
4	36
4	32
4	33
4	35
4	30
4	33
4	41
4	40
4	38
4	38
4	38
4	38
4	40
4	41
4	40
4	36
4	33
4	31
4	32
4	37
4	38
4	37
4	41
4	37
4	36
4	37
4	37
4	39
4	37
4	37
4	39
4	36
4	38
4	39
4	39
4	38
4	39
4	41
4	47
4	43
4	45
4	44
4	43
4	45
4	44
4	45
4	43
4	45
4	46
4	48
4	41
4	44
4	40
4	43
4	41
4	42
4	40
4	41
4	38
4	35
4	35
4	36
4	39
4	34
4	40
4	41
4	35
4	36
4	35
4	37
4	33
4	35
4	35
4	33
4	34
4	33
4	35
4	33
4	34
4	33
4	34
4	34
4	36
4	34
4	33
4	29
4	37
4	39
4	36
4	38
4	38
4	37
4	37
4	36
4	36
4	37
4	38
4	32
4	31
4	37
4	40
4	37
4	37
4	32
4	33
4	42
4	49
4	48
4	51
4	46
4	49
4	52
4	47
4	51
4	47
4	54
4	43
4	46
4	44
4	45
4	44
4	46
4	46
4	48
4	45
4	43
4	42
4	45
4	45
4	45
4	44
4	44
4	47
4	47
4	50
4	49
4	43
4	41
4	48
4	45
4	46
4	45
4	46
4	45
4	46
4	41
4	33
4	33
4	33
4	34
4	32
4	33
4	32
4	35
4	30
4	33
4	40
4	38
4	41
4	41
4	41
4	40
4	39
4	38
4	39
4	38
4	44
4	44
4	44
4	47
4	48
4	43
4	47
4	46
4	48
4	46
4	38
4	34
4	36
4	34
4	32
4	34
4	29
4	32
4	35
4	37
4	41
4	37
4	41
4	43
4	41
4	43
4	49
4	55
4	45
4	45
4	43
4	40
4	42
4	37
4	38
4	39
4	44
4	36
4	40
4	35
4	40
4	44
4	47
4	43
4	42
4	48
4	44
4	43
4	43
4	43
4	35
4	33
4	34
4	38
4	39
4	38
4	43
4	45
4	41
4	46
4	34
4	33
4	35
4	39
4	33
4	34
4	35
4	36
4	32
4	36
4	38
4	30
4	35
4	35
4	35
4	36
4	38
4	39
4	35
4	36
4	36
4	37
4	34
4	37
4	37
4	34
4	32
4	34
4	36
4	34
4	30
4	29
4	29
4	33
4	30
4	32
4	33
4	34
4	30
4	33
4	35
4	38
4	42
4	39
4	39
4	38
4	38
4	39
4	43
4	42
4	37
4	37
4	40
4	39
4	36
4	45
4	39
4	40
4	37
4	41
4	30
4	31
4	31
4	40
4	44
4	44
4	40
4	42
4	42
4	42
4	43
4	43
4	44
4	42
4	41
4	41
4	38
4	39
4	42
4	37
4	46
4	49
4	54
4	59
4	59
4	54
4	58
4	54
4	59
4	60
4	45
4	44
4	42
4	46
4	45
4	39
4	42
4	40
4	43
4	35
4	37
4	36
4	33
4	37
4	39
4	36
4	33
4	34
4	36
4	32
4	61
4	60
4	63
4	60
4	62
4	64
4	61
4	62
4	63
4	62
4	51
4	42
4	45
4	44
4	48
4	44
4	46
4	43
4	45
4	50
4	50
4	49
4	60
4	56
4	60
4	46
4	45
4	48
4	48
4	48
4	45
4	44
4	47
4	46
4	46
4	45
4	40
4	42
4	45
4	44
4	50
4	44
4	45
4	43
4	41
4	43
4	43
4	42
4	42
4	46
4	49
4	47
4	46
4	47
4	47
4	45
4	46
4	47
4	47
4	46
4	48
4	45
4	46
4	46
4	44
4	46
4	46
4	47
4	46
4	44
4	45
4	59
4	58
4	55
4	58
4	60
4	50
4	55
4	51
4	52
4	43
4	45
4	48
4	46
4	47
4	48
4	44
4	50
4	48
4	45
4	41
4	46
4	45
4	45
4	45
4	46
4	48
4	46
4	48
4	48
4	34
4	36
4	39
4	41
4	41
4	42
4	40
4	44
4	41
4	43
4	35
4	41
4	40
4	39
4	40
4	40
4	39
4	42
4	43
4	47
4	35
4	29
4	37
4	40
4	26
4	30
4	37
4	38
4	45
4	37
4	52
4	52
4	55
4	54
4	54
4	59
4	55
4	53
4	57
4	54
4	41
4	37
4	36
4	38
4	40
4	38
4	38
4	42
4	40
4	37
4	46
4	44
4	46
4	58
4	47
4	46
4	49
4	47
4	45
4	42
4	43
4	46
4	44
4	48
4	44
4	44
4	45
4	43
4	47
4	44
4	43
4	42
4	44
4	45
4	42
4	42
4	41
4	42
4	45
4	43
4	47
4	48
4	45
4	51
4	48
4	48
4	48
4	48
4	47
4	48
4	46
4	46
4	44
4	50
4	46
4	47
4	48
4	48
4	47
4	48
4	35
4	32
4	27
4	26
4	25
4	34
4	33
4	33
4	33
4	30
4	52
4	46
4	55
4	48
4	47
4	49
4	47
4	51
4	51
4	46
4	42
4	42
4	45
4	42
4	44
4	47
4	47
4	45
4	46
4	46
4	50
4	51
4	49
4	51
4	51
4	51
4	48
4	53
4	53
4	54
4	37
4	43
4	38
4	44
4	49
4	48
4	37
4	40
4	42
4	39
4	41
4	42
4	40
4	39
4	38
4	42
4	37
4	36
4	36
4	40
4	34
4	34
4	33
4	37
4	38
4	42
4	35
4	44
4	38
4	35
4	45
4	45
4	44
4	50
4	46
4	43
4	45
4	46
4	51
4	39
4	37
4	32
4	35
4	32
4	37
4	29
4	31
4	32
4	31
4	33
4	41
4	43
4	44
4	42
4	42
4	43
4	44
4	46
4	43
4	41
4	39
4	34
4	41
4	39
4	36
4	34
4	33
4	37
4	38
4	38
5	29
5	24
5	29
5	27
5	31
5	23
5	26
5	27
5	25
5	29
5	34
5	33
5	31
5	24
5	24
5	24
5	23
5	26
5	24
5	26
5	46
5	33
5	38
5	36
5	33
5	37
5	37
5	37
5	37
5	38
5	33
5	35
5	37
5	33
5	33
5	34
5	31
5	32
5	30
5	32
5	27
5	28
5	29
5	22
5	29
5	21
5	17
5	27
5	21
5	15
5	44
5	30
5	38
5	43
5	39
5	36
5	28
5	21
5	19
5	46
5	27
5	25
5	22
5	15
5	28
5	13
5	24
5	32
5	25
5	25
5	30
5	22
5	27
5	24
5	24
5	25
5	24
5	25
5	23
5	33
5	22
5	33
5	29
5	29
5	31
5	32
5	28
5	29
5	30
5	30
5	25
5	22
5	21
5	22
5	20
5	23
5	25
5	28
5	28
5	23
5	33
5	38
5	29
5	33
5	35
5	31
5	32
5	32
5	36
5	33
5	30
5	36
5	31
5	42
5	39
5	34
5	42
5	36
5	33
5	35
5	36
5	40
5	44
5	41
5	32
5	42
5	41
5	43
5	43
5	43
5	40
5	40
5	43
5	41
5	41
5	44
5	44
5	43
5	42
5	37
5	34
5	38
5	33
5	42
5	39
5	40
5	39
5	40
5	40
5	40
5	35
5	30
5	34
5	26
5	32
5	31
5	30
5	30
5	29
5	27
5	34
5	34
5	38
5	35
5	34
5	38
5	34
5	35
5	39
5	33
5	26
5	28
5	28
5	25
5	27
5	27
5	23
5	21
5	27
5	25
5	38
5	39
5	37
5	36
5	37
5	38
5	38
5	37
5	34
5	33
5	28
5	26
5	19
5	13
5	24
5	21
5	23
5	25
5	24
5	23
5	40
5	36
5	30
5	36
5	46
5	37
5	46
5	48
5	46
5	48
5	26
5	24
5	34
5	25
5	23
5	24
5	24
5	24
5	31
5	34
5	37
5	26
5	36
5	27
5	26
5	28
5	39
5	27
5	18
5	23
5	32
5	30
5	31
5	29
5	21
5	30
5	33
5	26
5	29
5	30
5	37
5	39
5	36
5	34
5	37
5	38
5	33
5	28
5	25
5	34
5	40
5	34
5	39
5	42
5	36
5	35
5	38
5	39
5	36
5	36
5	24
5	17
5	18
5	22
5	21
5	14
5	14
5	14
5	12
5	17
5	24
5	26
5	24
5	27
5	26
5	33
5	23
5	23
5	23
5	23
5	38
5	35
5	41
5	38
5	35
5	36
5	35
5	34
5	38
5	37
5	25
5	26
5	23
5	26
5	25
5	27
5	23
5	22
5	29
5	27
5	37
5	19
5	18
5	26
5	33
5	23
5	26
5	26
5	17
5	24
5	37
5	34
5	32
5	32
5	37
5	36
5	35
5	36
5	34
5	51
5	54
5	50
5	56
5	51
5	45
5	58
5	52
5	51
5	54
5	51
5	36
5	37
5	33
5	35
5	33
5	14
5	21
5	16
5	14
5	20
5	24
5	23
5	32
5	30
5	32
5	34
5	31
5	34
5	35
5	34
5	58
5	55
5	55
5	54
5	56
5	52
5	54
5	54
5	62
5	56
5	42
5	39
5	37
5	43
5	38
5	36
5	33
5	41
5	33
5	41
5	38
5	40
5	47
5	47
5	44
5	43
5	42
5	41
5	39
5	45
5	45
5	42
5	42
5	36
5	43
5	43
5	43
5	42
5	46
5	47
5	23
5	15
5	25
5	24
5	23
5	12
5	4
5	15
5	25
5	25
5	39
5	41
5	38
5	33
5	39
5	16
5	40
5	42
5	37
5	38
5	29
5	31
5	30
5	21
5	25
5	30
5	25
5	28
5	25
5	24
5	45
5	48
5	45
5	46
5	46
5	46
5	44
5	42
5	37
5	43
5	22
5	24
5	25
5	21
5	24
5	24
5	23
5	26
5	25
5	23
5	44
5	44
5	33
5	44
5	33
5	34
5	50
5	47
5	43
5	34
5	35
5	35
5	29
5	37
5	40
5	43
5	38
5	35
5	37
5	30
5	33
5	39
5	36
5	37
5	37
5	25
5	35
5	37
5	32
5	31
5	30
5	18
5	26
5	41
5	21
5	26
5	27
5	23
5	40
5	25
5	27
5	27
5	27
5	31
5	23
5	16
5	32
5	28
5	30
5	34
5	39
5	40
5	39
5	35
5	36
5	39
5	35
5	37
5	37
5	36
5	46
5	39
5	44
5	39
5	43
5	44
5	44
5	41
5	41
5	36
5	27
5	37
5	42
5	41
5	25
5	26
5	25
5	23
5	23
5	25
5	37
5	38
5	35
5	38
5	39
5	40
5	38
5	38
5	40
5	39
5	39
5	41
5	44
5	40
5	41
5	39
5	40
5	45
5	41
5	39
5	23
5	32
5	26
5	36
5	37
5	26
5	35
5	28
5	37
5	25
5	45
5	9
5	27
5	11
5	32
5	45
5	31
5	18
5	38
5	45
5	59
5	49
5	54
5	49
5	51
5	49
5	49
5	48
5	46
5	49
5	39
5	24
5	37
5	22
5	25
5	24
5	25
5	39
5	38
5	41
5	28
5	29
5	41
5	43
5	57
5	39
5	31
5	29
5	53
5	50
5	27
5	35
5	32
5	31
5	37
5	33
5	38
5	32
5	37
5	38
5	19
5	22
5	19
5	15
5	18
5	19
5	16
5	14
5	15
5	17
5	17
5	16
5	15
5	19
5	19
5	17
5	21
5	20
5	22
5	19
5	26
5	22
5	23
5	40
5	19
5	38
5	35
5	37
5	36
5	45
5	34
5	31
5	34
5	31
5	35
5	36
5	34
5	31
5	38
5	33
5	39
5	40
5	40
5	38
5	38
5	38
5	39
5	36
5	38
5	38
5	37
5	27
5	23
5	23
5	22
5	20
5	22
5	28
5	37
5	28
6	42
6	45
6	43
6	44
6	46
6	40
6	41
6	45
6	43
6	40
6	44
6	38
6	32
6	36
6	36
6	38
6	35
6	36
6	34
6	36
6	47
6	44
6	46
6	41
6	41
6	43
6	46
6	50
6	58
6	44
6	41
6	42
6	41
6	45
6	44
6	43
6	44
6	42
6	41
6	42
6	38
6	41
6	41
6	37
6	40
6	37
6	37
6	39
6	38
6	40
6	44
6	45
6	49
6	48
6	48
6	48
6	45
6	49
6	49
6	46
6	51
6	47
6	42
6	42
6	41
6	43
6	40
6	38
6	39
6	40
6	41
6	42
6	41
6	42
6	39
6	43
6	38
6	39
6	41
6	40
6	38
6	35
6	36
6	37
6	35
6	35
6	34
6	33
6	36
6	33
6	41
6	37
6	36
6	39
6	38
6	36
6	40
6	34
6	34
6	35
6	43
6	42
6	46
6	38
6	44
6	44
6	50
6	41
6	44
6	39
6	37
6	38
6	39
6	39
6	36
6	38
6	39
6	39
6	38
6	38
6	56
6	53
6	47
6	48
6	47
6	49
6	47
6	59
6	52
6	48
6	46
6	48
6	51
6	45
6	87
6	46
6	49
6	48
6	47
6	44
6	46
6	51
6	51
6	50
6	49
6	51
6	53
6	50
6	52
6	51
6	47
6	43
6	41
6	43
6	42
6	43
6	45
6	43
6	43
6	41
6	38
6	40
6	35
6	33
6	37
6	34
6	32
6	34
6	38
6	34
6	40
6	41
6	40
6	42
6	44
6	43
6	39
6	41
6	40
6	43
6	46
6	45
6	48
6	45
6	43
6	45
6	44
6	46
6	48
6	44
6	46
6	45
6	44
6	40
6	41
6	44
6	41
6	39
6	46
6	37
6	47
6	55
6	47
6	44
6	40
6	62
6	44
6	49
6	47
6	50
6	41
6	42
6	40
6	38
6	38
6	39
6	38
6	44
6	39
6	36
6	50
6	39
6	52
6	40
6	41
6	48
6	40
6	42
6	47
6	42
6	40
6	41
6	37
6	42
6	39
6	39
6	38
6	45
6	42
6	41
6	30
6	36
6	38
6	35
6	35
6	44
6	43
6	39
6	39
6	41
6	48
6	40
6	39
6	37
6	37
6	37
6	38
6	40
6	42
6	44
6	46
6	48
6	35
6	41
6	42
6	43
6	43
6	43
6	41
6	44
6	37
6	36
6	37
6	36
6	42
6	35
6	39
6	40
6	39
6	37
6	44
6	44
6	46
6	47
6	50
6	46
6	48
6	52
6	49
6	50
6	43
6	44
6	41
6	43
6	42
6	45
6	44
6	42
6	40
6	40
6	47
6	40
6	43
6	43
6	42
6	39
6	39
6	40
6	42
6	40
6	39
6	39
6	36
6	39
6	36
6	36
6	42
6	39
6	40
6	39
6	48
6	54
6	48
6	50
6	46
6	53
6	48
6	53
6	57
6	48
6	46
6	48
6	45
6	48
6	47
6	46
6	46
6	40
6	45
6	46
6	48
6	36
6	36
6	37
6	38
6	38
6	33
6	36
6	36
6	48
6	47
6	58
6	57
6	49
6	57
6	53
6	52
6	51
6	50
6	50
6	40
6	38
6	38
6	39
6	39
6	34
6	32
6	35
6	36
6	39
6	47
6	49
6	71
6	66
6	66
6	47
6	54
6	53
6	54
6	48
6	49
6	38
6	35
6	49
6	52
6	50
6	40
6	44
6	43
6	37
6	47
6	35
6	41
6	38
6	41
6	34
6	37
6	35
6	36
6	38
6	37
6	35
6	36
6	39
6	39
6	38
6	38
6	38
6	39
6	37
6	50
6	47
6	49
6	51
6	52
6	51
6	48
6	50
6	49
6	49
6	47
6	46
6	41
6	43
6	42
6	46
6	49
6	43
6	47
6	43
6	45
6	51
6	50
6	45
6	54
6	56
6	54
6	54
6	47
6	55
6	45
6	49
6	66
6	46
6	53
6	47
6	46
6	44
6	50
6	43
6	45
6	40
6	38
6	42
6	40
6	42
6	44
6	42
6	43
6	45
6	53
6	55
6	45
6	47
6	47
6	42
6	48
6	50
6	46
6	43
6	41
6	45
6	36
6	45
6	46
6	45
6	37
6	51
6	37
6	60
6	58
6	44
6	56
6	58
6	59
6	58
6	57
6	60
6	56
6	56
6	35
6	47
6	41
6	43
6	42
6	35
6	47
6	41
6	43
6	42
6	69
6	59
6	58
6	55
6	73
6	69
6	55
6	58
6	59
6	57
6	40
6	39
6	41
6	44
6	43
6	43
6	41
6	42
6	41
6	43
6	46
6	46
6	44
6	43
6	41
6	40
6	44
6	43
6	40
6	44
6	50
6	50
6	50
6	47
6	48
6	48
6	56
6	53
6	51
6	50
6	42
6	49
6	48
6	47
6	47
6	46
6	47
6	47
6	43
6	39
6	55
6	43
6	40
6	45
6	41
6	42
6	45
6	41
6	45
6	47
6	64
6	50
6	55
6	53
6	77
6	62
6	51
6	51
6	54
6	61
6	44
6	45
6	48
6	40
6	44
6	47
6	51
6	49
6	44
6	41
6	52
6	53
6	50
6	50
6	54
6	50
6	50
6	51
6	51
6	52
6	44
6	44
6	43
6	47
6	46
6	43
6	47
6	47
6	44
6	45
6	40
6	36
6	42
6	39
6	34
6	32
6	39
6	38
6	38
6	37
6	40
6	41
6	36
6	35
6	35
6	41
6	37
6	37
6	35
6	37
6	44
6	52
6	42
6	44
6	44
6	54
6	40
6	42
6	39
6	52
6	41
6	29
6	58
6	29
6	31
6	31
6	32
6	29
6	29
6	32
6	45
6	45
6	49
6	51
6	53
6	48
6	47
6	49
6	43
6	52
6	36
6	34
6	33
6	43
6	32
6	32
6	37
6	35
6	32
6	34
7	31
7	30
7	31
7	33
7	35
7	34
7	30
7	31
7	27
7	41
7	32
7	34
7	32
7	33
7	32
7	33
7	32
7	30
7	32
7	34
7	40
7	41
7	37
7	40
7	38
7	43
7	40
7	40
7	38
7	39
7	32
7	38
7	38
7	39
7	35
7	38
7	36
7	33
7	43
7	37
7	29
7	29
7	30
7	31
7	30
7	28
7	31
7	30
7	29
7	31
7	33
7	45
7	40
7	33
7	37
7	38
7	41
7	45
7	45
7	37
7	37
7	38
7	41
7	38
7	38
7	31
7	36
7	31
7	31
7	31
7	41
7	41
7	35
7	32
7	42
7	38
7	42
7	41
7	41
7	38
7	34
7	30
7	30
7	32
7	30
7	31
7	33
7	31
7	28
7	31
7	36
7	30
7	30
7	34
7	34
7	32
7	30
7	39
7	33
7	32
7	42
7	33
7	34
7	38
7	34
7	37
7	40
7	37
7	40
7	34
7	31
7	35
7	35
7	34
7	36
7	35
7	35
7	34
7	34
7	35
7	46
7	48
7	48
7	45
7	45
7	45
7	46
7	44
7	46
7	42
7	44
7	44
7	46
7	43
7	44
7	42
7	46
7	46
7	47
7	42
7	42
7	38
7	41
7	43
7	44
7	44
7	43
7	44
7	46
7	44
7	55
7	38
7	38
7	37
7	45
7	40
7	41
7	38
7	43
7	40
7	30
7	35
7	35
7	33
7	30
7	30
7	37
7	34
7	32
7	31
7	39
7	41
7	41
7	41
7	41
7	39
7	38
7	41
7	40
7	40
7	42
7	46
7	43
7	39
7	59
7	48
7	45
7	42
7	39
7	40
7	36
7	35
7	34
7	36
7	37
7	33
7	34
7	39
7	32
7	34
7	56
7	51
7	51
7	46
7	34
7	42
7	52
7	50
7	39
7	45
7	48
7	39
7	38
7	37
7	26
7	31
7	43
7	29
7	44
7	39
7	32
7	34
7	32
7	33
7	31
7	29
7	32
7	30
7	30
7	31
7	39
7	37
7	40
7	32
7	36
7	35
7	34
7	37
7	34
7	31
7	32
7	34
7	31
7	31
7	28
7	34
7	27
7	33
7	31
7	31
7	41
7	39
7	37
7	37
7	36
7	36
7	37
7	40
7	38
7	40
7	36
7	35
7	24
7	33
7	34
7	31
7	43
7	30
7	23
7	29
7	28
7	23
7	24
7	24
7	32
7	24
7	24
7	31
7	28
7	33
7	50
7	41
7	45
7	43
7	48
7	46
7	46
7	45
7	42
7	44
7	38
7	39
7	38
7	36
7	30
7	34
7	40
7	31
7	37
7	36
7	44
7	32
7	31
7	35
7	29
7	30
7	33
7	35
7	31
7	31
7	39
7	40
7	40
7	41
7	44
7	30
7	39
7	41
7	40
7	42
7	44
7	45
7	48
7	40
7	48
7	47
7	47
7	48
7	47
7	48
7	38
7	43
7	41
7	37
7	36
7	34
7	39
7	40
7	38
7	40
7	42
7	36
7	36
7	38
7	37
7	35
7	39
7	36
7	36
7	42
7	52
7	51
7	51
7	56
7	56
7	50
7	54
7	56
7	52
7	53
7	33
7	37
7	34
7	35
7	32
7	32
7	29
7	32
7	32
7	32
7	42
7	36
7	58
7	53
7	51
7	39
7	41
7	36
7	39
7	37
7	37
7	35
7	38
7	41
7	37
7	37
7	35
7	34
7	34
7	36
7	35
7	26
7	35
7	28
7	32
7	28
7	31
7	33
7	30
7	24
7	37
7	37
7	34
7	37
7	37
7	36
7	35
7	33
7	36
7	37
7	43
7	46
7	45
7	42
7	41
7	40
7	40
7	39
7	41
7	44
7	41
7	37
7	39
7	35
7	38
7	40
7	37
7	38
7	40
7	40
7	36
7	40
7	40
7	40
7	42
7	39
7	39
7	41
7	40
7	41
7	36
7	43
7	37
7	36
7	49
7	49
7	55
7	39
7	54
7	42
7	36
7	31
7	29
7	29
7	32
7	34
7	29
7	33
7	34
7	29
7	33
7	32
7	34
7	40
7	31
7	30
7	33
7	36
7	37
7	26
7	39
7	30
7	34
7	40
7	36
7	34
7	33
7	35
7	34
7	45
7	40
7	41
7	41
7	39
7	41
7	42
7	40
7	37
7	40
7	44
7	31
7	37
7	35
7	32
7	39
7	31
7	37
7	35
7	32
7	39
7	59
7	65
7	64
7	56
7	45
7	72
7	49
7	56
7	54
7	54
7	38
7	39
7	37
7	39
7	39
7	38
7	37
7	38
7	39
7	42
7	38
7	36
7	34
7	38
7	36
7	34
7	34
7	34
7	37
7	37
7	53
7	50
7	48
7	50
7	49
7	57
7	55
7	56
7	47
7	48
7	42
7	43
7	40
7	39
7	56
7	39
7	38
7	40
7	38
7	39
7	31
7	19
7	26
7	44
7	35
7	31
7	38
7	24
7	32
7	27
7	36
7	49
7	59
7	57
7	50
7	44
7	51
7	49
7	50
7	57
7	37
7	39
7	41
7	37
7	37
7	35
7	39
7	40
7	39
7	39
7	45
7	49
7	43
7	41
7	40
7	45
7	40
7	44
7	45
7	40
7	33
7	31
7	31
7	32
7	33
7	29
7	32
7	35
7	30
7	29
7	37
7	29
7	29
7	29
7	25
7	25
7	27
7	26
7	28
7	32
7	35
7	36
7	37
7	36
7	35
7	33
7	33
7	32
7	35
7	33
7	37
7	37
7	38
7	33
7	39
7	36
7	36
7	36
7	34
7	32
7	26
7	24
7	32
7	30
7	27
7	28
7	27
7	29
7	28
7	28
7	34
7	37
7	39
7	54
7	54
7	35
7	40
7	39
7	37
7	41
7	32
7	32
7	30
7	31
7	34
7	31
7	33
7	34
7	33
7	34
8	44
8	41
8	45
8	40
8	47
8	43
8	47
8	47
8	43
8	43
8	34
8	41
8	45
8	41
8	40
8	41
8	40
8	42
8	48
8	46
8	58
8	63
8	47
8	56
8	52
8	43
8	58
8	50
8	52
8	51
8	46
8	46
8	46
8	45
8	46
8	47
8	45
8	48
8	45
8	45
8	40
8	42
8	46
8	45
8	44
8	44
8	43
8	45
8	43
8	42
8	43
8	46
8	47
8	44
8	46
8	44
8	50
8	47
8	44
8	46
8	51
8	54
8	53
8	52
8	51
8	49
8	50
8	45
8	47
8	46
8	45
8	48
8	43
8	44
8	41
8	43
8	43
8	46
8	44
8	43
8	37
8	39
8	37
8	38
8	38
8	37
8	38
8	35
8	38
8	38
8	43
8	46
8	48
8	46
8	43
8	47
8	44
8	45
8	41
8	45
8	47
8	44
8	47
8	45
8	49
8	42
8	48
8	43
8	47
8	46
8	43
8	41
8	44
8	43
8	43
8	48
8	43
8	42
8	43
8	44
8	55
8	56
8	57
8	55
8	58
8	59
8	58
8	57
8	54
8	57
8	50
8	54
8	53
8	53
8	53
8	51
8	54
8	57
8	54
8	52
8	53
8	53
8	55
8	54
8	59
8	57
8	57
8	57
8	55
8	59
8	48
8	48
8	46
8	48
8	49
8	47
8	50
8	50
8	51
8	48
8	40
8	41
8	43
8	43
8	43
8	41
8	39
8	40
8	42
8	40
8	53
8	53
8	52
8	53
8	50
8	55
8	52
8	53
8	54
8	49
8	52
8	51
8	49
8	56
8	49
8	50
8	48
8	50
8	51
8	51
8	48
8	49
8	46
8	42
8	50
8	46
8	47
8	48
8	45
8	45
8	48
8	55
8	57
8	53
8	53
8	55
8	55
8	53
8	55
8	55
8	50
8	43
8	42
8	46
8	46
8	44
8	40
8	43
8	46
8	47
8	53
8	54
8	51
8	52
8	51
8	50
8	52
8	53
8	54
8	46
8	44
8	49
8	40
8	47
8	48
8	47
8	44
8	45
8	47
8	43
8	39
8	37
8	39
8	40
8	37
8	40
8	38
8	36
8	39
8	36
8	47
8	44
8	47
8	45
8	43
8	44
8	46
8	44
8	47
8	45
8	43
8	43
8	47
8	46
8	44
8	41
8	47
8	45
8	45
8	56
8	44
8	34
8	39
8	39
8	39
8	37
8	40
8	43
8	42
8	43
8	48
8	40
8	47
8	45
8	48
8	44
8	44
8	50
8	48
8	48
8	52
8	46
8	49
8	50
8	54
8	50
8	47
8	48
8	50
8	47
8	57
8	51
8	49
8	49
8	48
8	48
8	49
8	49
8	48
8	49
8	44
8	44
8	46
8	48
8	43
8	54
8	44
8	45
8	45
8	47
8	53
8	60
8	56
8	50
8	58
8	53
8	52
8	61
8	51
8	53
8	49
8	52
8	39
8	45
8	50
8	50
8	51
8	50
8	46
8	49
8	46
8	51
8	47
8	43
8	56
8	46
8	46
8	48
8	51
8	46
8	66
8	71
8	64
8	64
8	66
8	66
8	64
8	74
8	67
8	66
8	49
8	55
8	47
8	52
8	49
8	48
8	47
8	48
8	49
8	51
8	61
8	53
8	61
8	61
8	65
8	55
8	56
8	54
8	57
8	53
8	56
8	54
8	56
8	58
8	56
8	55
8	57
8	54
8	51
8	53
8	43
8	43
8	41
8	40
8	39
8	36
8	41
8	43
8	37
8	39
8	47
8	57
8	56
8	57
8	53
8	56
8	55
8	56
8	59
8	54
8	54
8	52
8	53
8	54
8	52
8	54
8	53
8	55
8	51
8	56
8	62
8	66
8	55
8	60
8	60
8	61
8	58
8	58
8	60
8	61
8	51
8	52
8	57
8	56
8	56
8	57
8	60
8	56
8	59
8	61
8	57
8	58
8	59
8	57
8	55
8	50
8	61
8	52
8	54
8	54
8	46
8	48
8	47
8	48
8	47
8	48
8	47
8	46
8	48
8	48
8	58
8	57
8	58
8	61
8	51
8	55
8	55
8	51
8	50
8	50
8	56
8	50
8	45
8	51
8	54
8	47
8	52
8	51
8	51
8	50
8	51
8	51
8	49
8	50
8	50
8	48
8	50
8	46
8	48
8	47
8	46
8	53
8	45
8	49
8	49
8	46
8	53
8	45
8	49
8	49
8	61
8	69
8	68
8	76
8	54
8	64
8	60
8	58
8	77
8	80
8	47
8	51
8	48
8	46
8	51
8	50
8	49
8	51
8	51
8	55
8	53
8	51
8	51
8	57
8	56
8	50
8	49
8	54
8	49
8	50
8	56
8	59
8	56
8	55
8	56
8	57
8	56
8	55
8	55
8	56
8	55
8	57
8	55
8	53
8	54
8	56
8	55
8	53
8	54
8	55
8	45
8	41
8	44
8	39
8	39
8	37
8	41
8	36
8	38
8	42
8	63
8	59
8	61
8	59
8	60
8	56
8	57
8	61
8	50
8	60
8	57
8	57
8	56
8	58
8	55
8	56
8	56
8	56
8	57
8	59
8	53
8	54
8	52
8	52
8	55
8	57
8	54
8	57
8	55
8	54
8	52
8	49
8	48
8	52
8	48
8	52
8	54
8	52
8	51
8	54
8	50
8	47
8	43
8	45
8	43
8	45
8	47
8	46
8	44
8	45
8	44
8	49
8	49
8	49
8	51
8	51
8	49
8	50
8	58
8	48
8	56
8	52
8	60
8	51
8	54
8	52
8	54
8	49
8	49
8	52
8	36
8	40
8	48
8	45
8	40
8	39
8	42
8	47
8	42
8	45
8	57
8	62
8	62
8	61
8	59
8	54
8	57
8	57
8	57
8	55
8	46
8	45
8	47
8	46
8	49
8	49
8	46
8	47
8	43
8	46
9	34
9	33
9	36
9	33
9	36
9	35
9	33
9	33
9	34
9	32
9	34
9	32
9	30
9	30
9	30
9	30
9	30
9	29
9	31
9	29
9	36
9	35
9	33
9	34
9	35
9	34
9	35
9	37
9	35
9	35
9	34
9	33
9	35
9	34
9	34
9	34
9	34
9	41
9	34
9	38
9	34
9	30
9	30
9	29
9	30
9	31
9	31
9	32
9	28
9	30
9	38
9	37
9	37
9	38
9	39
9	37
9	37
9	37
9	37
9	37
9	37
9	37
9	33
9	32
9	32
9	33
9	33
9	33
9	33
9	34
9	36
9	32
9	34
9	34
9	33
9	33
9	31
9	33
9	37
9	32
9	28
9	29
9	29
9	29
9	26
9	30
9	27
9	28
9	28
9	25
9	32
9	29
9	29
9	30
9	32
9	28
9	30
9	30
9	27
9	28
9	34
9	30
9	32
9	33
9	35
9	31
9	32
9	34
9	40
9	33
9	34
9	30
9	31
9	35
9	30
9	32
9	31
9	33
9	29
9	33
9	43
9	39
9	40
9	39
9	40
9	40
9	39
9	37
9	40
9	42
9	39
9	39
9	41
9	39
9	40
9	41
9	40
9	42
9	43
9	38
9	42
9	42
9	43
9	45
9	43
9	45
9	45
9	41
9	45
9	46
9	36
9	34
9	32
9	33
9	32
9	31
9	33
9	29
9	34
9	33
9	30
9	33
9	32
9	30
9	29
9	30
9	31
9	30
9	30
9	33
9	35
9	32
9	35
9	34
9	33
9	33
9	36
9	32
9	35
9	34
9	37
9	35
9	37
9	36
9	38
9	38
9	40
9	38
9	38
9	36
9	37
9	37
9	33
9	36
9	41
9	36
9	34
9	33
9	33
9	31
9	36
9	39
9	40
9	37
9	34
9	38
9	38
9	36
9	34
9	37
9	38
9	35
9	31
9	37
9	31
9	33
9	31
9	37
9	31
9	33
9	39
9	35
9	33
9	37
9	33
9	39
9	34
9	50
9	40
9	35
9	37
9	36
9	35
9	33
9	36
9	37
9	37
9	33
9	35
9	38
9	28
9	31
9	32
9	31
9	27
9	31
9	31
9	28
9	30
9	26
9	34
9	32
9	32
9	31
9	32
9	35
9	35
9	32
9	33
9	30
9	35
9	38
9	28
9	36
9	34
9	37
9	38
9	35
9	34
9	35
9	30
9	30
9	38
9	35
9	37
9	32
9	30
9	31
9	29
9	35
9	38
9	36
9	39
9	36
9	37
9	39
9	41
9	38
9	38
9	41
9	36
9	34
9	35
9	34
9	41
9	40
9	35
9	40
9	31
9	35
9	35
9	33
9	32
9	34
9	32
9	35
9	32
9	37
9	33
9	32
9	35
9	35
9	34
9	35
9	33
9	33
9	34
9	35
9	36
9	33
9	40
9	42
9	47
9	40
9	41
9	42
9	47
9	37
9	40
9	40
9	40
9	39
9	36
9	44
9	40
9	45
9	41
9	39
9	36
9	38
9	40
9	32
9	33
9	30
9	32
9	31
9	41
9	29
9	32
9	40
9	50
9	49
9	51
9	51
9	48
9	50
9	51
9	47
9	50
9	50
9	36
9	36
9	38
9	33
9	37
9	36
9	32
9	37
9	36
9	36
9	46
9	36
9	46
9	52
9	59
9	40
9	36
9	44
9	44
9	36
9	39
9	42
9	41
9	40
9	43
9	40
9	39
9	37
9	39
9	41
9	32
9	31
9	29
9	29
9	30
9	32
9	36
9	37
9	37
9	40
9	39
9	35
9	35
9	35
9	39
9	37
9	35
9	35
9	35
9	38
9	40
9	38
9	39
9	40
9	38
9	40
9	38
9	37
9	41
9	41
9	43
9	44
9	41
9	39
9	39
9	42
9	41
9	42
9	44
9	44
9	39
9	40
9	43
9	41
9	42
9	43
9	45
9	43
9	45
9	42
9	41
9	41
9	36
9	41
9	38
9	39
9	36
9	39
9	40
9	38
9	32
9	33
9	33
9	33
9	36
9	33
9	31
9	33
9	33
9	34
9	39
9	38
9	36
9	39
9	36
9	38
9	36
9	36
9	34
9	34
9	37
9	27
9	28
9	28
9	30
9	30
9	22
9	35
9	34
9	32
9	42
9	39
9	41
9	43
9	39
9	39
9	40
9	39
9	37
9	39
9	30
9	38
9	33
9	32
9	33
9	30
9	38
9	33
9	32
9	33
9	43
9	39
9	46
9	39
9	52
9	51
9	47
9	39
9	50
9	49
9	34
9	38
9	37
9	35
9	37
9	37
9	39
9	33
9	37
9	37
9	37
9	38
9	36
9	36
9	40
9	37
9	35
9	35
9	38
9	33
9	42
9	45
9	35
9	35
9	39
9	39
9	36
9	38
9	36
9	31
9	44
9	42
9	37
9	39
9	41
9	42
9	39
9	39
9	40
9	40
9	34
9	30
9	36
9	32
9	32
9	32
9	33
9	34
9	35
9	37
9	44
9	46
9	45
9	42
9	47
9	44
9	45
9	50
9	59
9	50
9	40
9	40
9	41
9	41
9	38
9	39
9	39
9	40
9	42
9	41
9	44
9	44
9	48
9	46
9	47
9	46
9	50
9	51
9	47
9	46
9	35
9	31
9	35
9	38
9	33
9	31
9	36
9	33
9	41
9	39
9	30
9	31
9	33
9	29
9	30
9	31
9	31
9	34
9	34
9	35
9	31
9	36
9	32
9	30
9	32
9	35
9	34
9	35
9	32
9	31
9	34
9	34
9	41
9	39
9	37
9	36
9	34
9	38
9	33
9	39
9	29
9	31
9	29
9	29
9	32
9	30
9	33
9	30
9	27
9	27
9	38
9	40
9	41
9	44
9	41
9	35
9	41
9	47
9	41
9	39
9	34
9	34
9	34
9	33
9	37
9	32
9	34
9	34
9	32
9	32
0	28
0	28
0	34
0	33
0	33
0	32
0	34
0	31
0	34
0	35
0	29
0	29
0	30
0	31
0	29
0	32
0	33
0	32
0	34
0	33
0	26
0	17
0	24
0	31
0	31
0	37
0	35
0	33
0	30
0	29
0	47
0	39
0	37
0	32
0	34
0	31
0	42
0	22
0	38
0	41
0	38
0	32
0	36
0	36
0	34
0	38
0	38
0	34
0	37
0	33
0	39
0	41
0	36
0	35
0	35
0	35
0	34
0	36
0	39
0	37
0	43
0	26
0	36
0	29
0	33
0	36
0	30
0	34
0	34
0	34
0	38
0	34
0	36
0	32
0	36
0	42
0	40
0	47
0	47
0	43
0	35
0	34
0	35
0	37
0	35
0	35
0	37
0	36
0	37
0	38
0	31
0	29
0	26
0	25
0	23
0	37
0	35
0	40
0	40
0	34
0	40
0	41
0	43
0	41
0	42
0	34
0	37
0	36
0	39
0	42
0	23
0	23
0	24
0	23
0	22
0	20
0	22
0	20
0	23
0	23
0	37
0	27
0	33
0	34
0	34
0	38
0	35
0	34
0	29
0	39
0	40
0	27
0	38
0	30
0	33
0	28
0	30
0	29
0	30
0	31
0	34
0	32
0	38
0	31
0	31
0	31
0	33
0	35
0	34
0	33
0	33
0	30
0	32
0	29
0	31
0	36
0	38
0	24
0	32
0	28
0	34
0	34
0	37
0	33
0	36
0	37
0	38
0	42
0	40
0	38
0	38
0	36
0	37
0	38
0	37
0	38
0	39
0	37
0	34
0	36
0	36
0	38
0	37
0	41
0	40
0	36
0	40
0	41
0	37
0	37
0	32
0	35
0	33
0	32
0	35
0	29
0	32
0	33
0	28
0	30
0	39
0	37
0	34
0	32
0	38
0	29
0	33
0	33
0	34
0	30
0	37
0	30
0	29
0	34
0	29
0	33
0	35
0	36
0	34
0	34
1	31
1	31
1	35
1	35
1	38
1	34
1	37
1	44
1	43
1	30
1	35
1	31
1	32
1	31
1	28
1	29
1	32
1	29
1	30
1	30
1	28
1	30
1	26
1	25
1	33
1	35
1	37
1	30
1	34
1	31
1	43
1	33
1	34
1	36
1	38
1	40
1	43
1	37
1	37
1	35
1	42
1	40
1	42
1	41
1	40
1	40
1	38
1	42
1	39
1	37
1	48
1	32
1	33
1	35
1	36
1	33
1	36
1	37
1	33
1	33
1	32
1	30
1	42
1	33
1	38
1	41
1	34
1	34
1	34
1	34
1	33
1	29
1	29
1	34
1	44
1	48
1	39
1	35
1	47
1	51
1	38
1	28
1	32
1	40
1	39
1	39
1	34
1	41
1	37
1	34
1	34
1	26
1	26
1	33
1	38
1	34
1	34
1	33
1	33
1	33
1	39
1	41
1	42
1	44
1	45
1	45
1	43
1	45
1	44
1	42
1	32
1	25
1	23
1	26
1	26
1	24
1	24
1	20
1	28
1	25
1	35
1	33
1	39
1	34
1	35
1	37
1	37
1	39
1	34
1	37
1	32
1	33
1	32
1	32
1	37
1	30
1	33
1	31
1	32
1	38
1	35
1	34
1	34
1	33
1	33
1	33
1	38
1	36
1	36
1	27
1	36
1	29
1	33
1	30
1	38
1	34
1	33
1	44
1	31
1	29
1	37
1	35
1	32
1	36
1	38
1	39
1	38
1	36
1	36
1	34
1	31
1	28
1	29
1	34
1	34
1	34
1	36
1	34
1	33
1	31
1	36
1	40
1	41
1	45
1	36
1	34
1	37
1	37
1	39
1	39
1	30
1	38
1	33
1	24
1	26
1	41
1	39
1	41
1	41
1	41
1	28
1	26
1	27
1	24
1	29
1	29
1	30
1	25
1	27
1	26
1	37
1	28
1	31
1	34
1	32
1	42
1	45
1	44
1	32
1	31
2	36
2	38
2	36
2	39
2	42
2	38
2	40
2	39
2	44
2	40
2	41
2	36
2	35
2	37
2	36
2	35
2	36
2	40
2	28
2	26
2	36
2	38
2	38
2	23
2	29
2	42
2	43
2	43
2	42
2	45
2	51
2	45
2	46
2	48
2	49
2	47
2	52
2	47
2	49
2	43
2	52
2	53
2	53
2	58
2	56
2	54
2	52
2	53
2	51
2	52
2	38
2	38
2	26
2	35
2	39
2	39
2	37
2	36
2	38
2	25
2	38
2	34
2	42
2	38
2	43
2	25
2	38
2	37
2	39
2	28
2	46
2	44
2	43
2	50
2	53
2	50
2	51
2	53
2	56
2	58
2	58
2	47
2	46
2	50
2	53
2	50
2	52
2	48
2	48
2	50
2	46
2	40
2	46
2	50
2	47
2	49
2	47
2	48
2	48
2	50
2	43
2	45
2	47
2	47
2	47
2	49
2	48
2	46
2	46
2	46
2	31
2	31
2	39
2	22
2	23
2	20
2	32
2	37
2	38
2	41
2	43
2	47
2	44
2	47
2	46
2	44
2	46
2	43
2	47
2	45
2	40
2	41
2	43
2	43
2	41
2	39
2	37
2	41
2	41
2	37
2	49
2	37
2	49
2	49
2	44
2	40
2	43
2	41
2	39
2	39
2	40
2	40
2	41
2	42
2	41
2	40
2	41
2	40
2	42
2	40
2	48
2	39
2	40
2	42
2	49
2	45
2	45
2	45
2	44
2	41
2	40
2	45
2	43
2	49
2	47
2	51
2	51
2	46
2	48
2	46
2	43
2	50
2	43
2	42
2	47
2	46
2	38
2	42
2	39
2	40
2	40
2	43
2	39
2	39
2	37
2	44
2	47
2	46
2	48
2	50
2	38
2	36
2	37
2	38
2	38
2	37
2	40
2	38
2	37
2	41
2	39
2	34
2	39
2	41
2	37
2	45
2	38
2	44
2	41
2	38
3	41
3	42
3	44
3	44
3	44
3	45
3	44
3	43
3	46
3	46
3	40
3	41
3	40
3	40
3	40
3	38
3	38
3	41
3	40
3	42
3	37
3	40
3	40
3	41
3	42
3	43
3	47
3	47
3	46
3	43
3	43
3	45
3	30
3	46
3	31
3	33
3	44
3	33
3	44
3	31
3	47
3	44
3	45
3	47
3	43
3	46
3	45
3	44
3	44
3	45
3	44
3	50
3	46
3	42
3	42
3	39
3	42
3	40
3	43
3	43
3	43
3	42
3	41
3	45
3	46
3	48
3	42
3	43
3	40
3	43
3	46
3	43
3	43
3	46
3	54
3	53
3	48
3	55
3	56
3	57
3	48
3	41
3	46
3	47
3	46
3	50
3	45
3	45
3	55
3	51
3	35
3	30
3	40
3	40
3	44
3	44
3	45
3	39
3	39
3	43
3	47
3	50
3	46
3	45
3	43
3	53
3	44
3	43
3	44
3	46
3	40
3	36
3	39
3	39
3	40
3	38
3	35
3	38
3	42
3	42
3	42
3	46
3	46
3	45
3	45
3	47
3	45
3	43
3	43
3	45
3	40
3	43
3	43
3	43
3	42
3	38
3	40
3	38
3	42
3	41
3	45
3	42
3	43
3	40
3	44
3	41
3	39
3	45
3	41
3	38
3	37
3	41
3	42
3	44
3	41
3	47
3	50
3	41
3	41
3	38
3	51
3	48
3	45
3	47
3	52
3	54
3	50
3	50
3	47
3	50
3	40
3	43
3	48
3	47
3	46
3	47
3	48
3	45
3	46
3	43
3	44
3	48
3	45
3	44
3	44
3	44
3	45
3	43
3	43
3	45
3	44
3	46
3	43
3	39
3	40
3	52
3	47
3	46
3	47
3	48
3	40
3	40
3	41
3	39
3	41
3	40
3	42
3	39
3	39
3	41
3	41
3	40
3	41
3	44
3	44
3	43
3	45
3	46
3	42
3	43
4	37
4	39
4	43
4	48
4	47
4	46
4	45
4	46
4	46
4	51
4	42
4	37
4	36
4	39
4	39
4	36
4	38
4	39
4	34
4	40
4	37
4	39
4	41
4	35
4	37
4	40
4	42
4	40
4	42
4	42
4	46
4	46
4	42
4	45
4	40
4	47
4	45
4	47
4	47
4	45
4	44
4	41
4	46
4	46
4	44
4	42
4	44
4	42
4	44
4	41
4	45
4	39
4	37
4	41
4	38
4	35
4	39
4	43
4	36
4	36
4	38
4	34
4	33
4	42
4	39
4	36
4	38
4	37
4	37
4	36
4	37
4	38
4	40
4	39
4	56
4	57
4	49
4	59
4	57
4	60
4	46
4	46
4	45
4	44
4	42
4	48
4	46
4	47
4	44
4	42
4	39
4	42
4	48
4	42
4	38
4	41
4	40
4	37
4	39
4	37
4	39
4	44
4	44
4	46
4	38
4	46
4	45
4	44
4	46
4	44
4	36
4	37
4	40
4	37
4	41
4	36
4	36
4	41
4	37
4	40
4	39
4	40
4	41
4	41
4	43
4	43
4	44
4	40
4	40
4	38
4	36
4	38
4	39
4	40
4	40
4	38
4	40
4	39
4	39
4	37
4	36
4	37
4	38
4	42
4	38
4	39
4	36
4	39
4	39
4	35
4	39
4	39
4	40
4	39
4	39
4	40
4	40
4	39
4	37
4	40
4	45
4	39
4	39
4	43
4	46
4	43
4	44
4	42
4	42
4	41
4	39
4	39
4	45
4	46
4	46
4	45
4	45
4	45
4	43
4	42
4	42
4	41
4	46
4	41
4	35
4	37
4	37
4	37
4	35
4	36
4	43
4	38
4	45
4	36
4	36
4	46
4	46
4	44
4	42
4	42
4	40
4	35
4	37
4	36
4	39
4	39
4	41
4	35
4	38
4	39
4	40
4	39
4	43
4	47
4	42
4	44
4	41
4	39
4	41
4	40
5	34
5	34
5	35
5	39
5	36
5	40
5	34
5	42
5	37
5	43
5	27
5	22
5	21
5	21
5	26
5	28
5	26
5	29
5	29
5	23
5	30
5	30
5	32
5	34
5	33
5	29
5	25
5	41
5	26
5	30
5	35
5	26
5	31
5	33
5	36
5	32
5	32
5	30
5	35
5	34
5	30
5	30
5	35
5	32
5	33
5	32
5	33
5	30
5	31
5	30
5	39
5	36
5	32
5	31
5	38
5	36
5	35
5	34
5	29
5	31
5	28
5	24
5	23
5	23
5	22
5	26
5	24
5	18
5	22
5	26
5	32
5	29
5	30
5	30
5	43
5	63
5	36
5	33
5	42
5	29
5	35
5	35
5	35
5	33
5	35
5	40
5	35
5	38
5	38
5	36
5	31
5	32
5	30
5	26
5	30
5	28
5	29
5	34
5	27
5	26
5	33
5	34
5	33
5	35
5	31
5	32
5	34
5	31
5	34
5	38
5	7
5	9
5	15
5	9
5	15
5	16
5	13
5	15
5	23
5	7
5	38
5	45
5	46
5	44
5	46
5	44
5	41
5	45
5	47
5	40
5	20
5	20
5	20
5	24
5	21
5	36
5	35
5	32
5	21
5	18
5	34
5	22
5	35
5	36
5	34
5	35
5	35
5	34
5	35
5	38
5	35
5	36
5	35
5	39
5	36
5	38
5	42
5	37
5	36
5	34
5	35
5	32
5	31
5	31
5	35
5	32
5	38
5	39
5	32
5	40
5	43
5	42
5	43
5	44
5	41
5	43
5	48
5	44
5	48
5	47
5	38
5	33
5	39
5	35
5	34
5	29
5	24
5	30
5	27
5	27
5	37
5	40
5	43
5	33
5	34
5	40
5	37
5	38
5	37
5	36
5	36
5	34
5	33
5	33
5	35
5	36
5	34
5	35
5	33
5	33
5	37
5	38
5	40
5	40
5	50
5	41
5	46
5	39
5	40
5	40
6	50
6	40
6	47
6	56
6	47
6	47
6	45
6	47
6	48
6	51
6	40
6	48
6	38
6	38
6	39
6	39
6	43
6	41
6	42
6	40
6	41
6	45
6	60
6	55
6	54
6	41
6	44
6	56
6	49
6	39
6	48
6	50
6	48
6	55
6	46
6	49
6	44
6	52
6	52
6	44
6	33
6	38
6	42
6	44
6	41
6	42
6	38
6	41
6	42
6	39
6	44
6	43
6	55
6	43
6	40
6	43
6	40
6	42
6	42
6	44
6	40
6	40
6	38
6	40
6	46
6	52
6	42
6	42
6	39
6	38
6	56
6	60
6	56
6	57
6	57
6	55
6	58
6	58
6	60
6	59
6	48
6	44
6	44
6	46
6	46
6	43
6	43
6	47
6	45
6	45
6	46
6	46
6	50
6	50
6	48
6	47
6	50
6	47
6	47
6	48
6	47
6	47
6	50
6	44
6	55
6	41
6	39
6	46
6	42
6	45
6	41
6	41
6	41
6	39
6	37
6	37
6	35
6	36
6	40
6	41
6	42
6	48
6	44
6	42
6	42
6	46
6	40
6	57
6	45
6	39
6	42
6	43
6	43
6	40
6	39
6	40
6	46
6	42
6	37
6	38
6	51
6	41
6	43
6	40
6	45
6	44
6	47
6	43
6	47
6	43
6	52
6	45
6	48
6	43
6	44
6	46
6	50
6	43
6	50
6	45
6	54
6	44
6	40
6	47
6	39
6	40
6	47
6	43
6	37
6	39
6	48
6	40
6	43
6	44
6	40
6	40
6	42
6	43
6	42
6	45
6	49
6	44
6	51
6	51
6	49
6	48
6	48
6	55
6	51
6	57
6	38
6	59
6	40
6	56
6	41
6	40
6	44
6	46
6	37
6	36
6	39
6	46
6	41
6	40
6	37
6	38
6	44
6	40
6	42
6	41
6	41
6	39
6	41
6	40
6	40
6	37
6	40
6	41
6	41
6	41
7	39
7	41
7	45
7	44
7	46
7	41
7	40
7	42
7	40
7	46
7	34
7	40
7	38
7	40
7	42
7	39
7	39
7	37
7	40
7	36
7	46
7	33
7	40
7	39
7	39
7	41
7	40
7	41
7	41
7	41
7	41
7	53
7	44
7	39
7	44
7	46
7	39
7	42
7	44
7	45
7	30
7	31
7	35
7	31
7	36
7	35
7	36
7	34
7	36
7	32
7	42
7	39
7	35
7	42
7	42
7	41
7	41
7	42
7	43
7	42
7	33
7	37
7	28
7	28
7	27
7	27
7	27
7	27
7	30
7	33
7	61
7	57
7	61
7	54
7	56
7	53
7	57
7	59
7	57
7	56
7	39
7	43
7	43
7	44
7	41
7	38
7	39
7	42
7	44
7	44
7	46
7	42
7	34
7	33
7	33
7	33
7	33
7	38
7	37
7	32
7	42
7	39
7	37
7	35
7	33
7	41
7	37
7	39
7	31
7	33
7	31
7	27
7	27
7	28
7	27
7	28
7	27
7	32
7	27
7	31
7	39
7	36
7	37
7	36
7	42
7	41
7	40
7	38
7	47
7	34
7	32
7	29
7	34
7	35
7	33
7	34
7	37
7	34
7	34
7	29
7	36
7	42
7	42
7	37
7	28
7	28
7	31
7	29
7	38
7	33
7	32
7	33
7	31
7	31
7	30
7	31
7	32
7	32
7	31
7	31
7	36
7	38
7	32
7	30
7	36
7	31
7	35
7	36
7	33
7	35
7	32
7	35
7	33
7	33
7	36
7	33
7	34
7	32
7	32
7	32
7	34
7	43
7	38
7	46
7	41
7	41
7	41
7	46
7	39
7	38
7	39
7	31
7	33
7	32
7	30
7	34
7	37
7	37
7	37
7	33
7	34
7	39
7	32
7	30
7	32
7	31
7	32
7	32
7	33
7	31
7	39
7	40
7	36
7	37
7	40
7	39
7	36
7	40
7	37
7	39
8	46
8	45
8	52
8	54
8	55
8	57
8	52
8	53
8	56
8	58
8	44
8	42
8	42
8	43
8	43
8	42
8	41
8	41
8	39
8	41
8	48
8	49
8	52
8	51
8	54
8	48
8	48
8	46
8	49
8	48
8	51
8	54
8	49
8	48
8	51
8	49
8	47
8	50
8	55
8	49
8	47
8	46
8	45
8	44
8	47
8	49
8	47
8	45
8	45
8	48
8	62
8	58
8	51
8	49
8	51
8	50
8	50
8	50
8	52
8	49
8	48
8	43
8	46
8	50
8	48
8	48
8	51
8	45
8	50
8	50
8	77
8	83
8	77
8	79
8	74
8	76
8	77
8	77
8	76
8	74
8	52
8	55
8	53
8	54
8	52
8	54
8	53
8	54
8	55
8	61
8	52
8	54
8	50
8	51
8	51
8	48
8	47
8	51
8	47
8	50
8	53
8	53
8	53
8	51
8	50
8	51
8	49
8	57
8	49
8	50
8	51
8	46
8	48
8	44
8	43
8	49
8	45
8	45
8	49
8	51
8	45
8	46
8	46
8	48
8	45
8	48
8	48
8	47
8	46
8	45
8	45
8	47
8	49
8	46
8	46
8	50
8	49
8	46
8	43
8	46
8	51
8	48
8	50
8	50
8	46
8	48
8	47
8	46
8	45
8	47
8	50
8	54
8	50
8	52
8	51
8	52
8	53
8	50
8	54
8	52
8	51
8	49
8	52
8	57
8	57
8	56
8	59
8	54
8	56
8	60
8	48
8	50
8	51
8	49
8	52
8	52
8	50
8	50
8	50
8	50
8	54
8	50
8	62
8	59
8	52
8	64
8	59
8	52
8	59
8	55
8	41
8	42
8	46
8	45
8	42
8	58
8	62
8	58
8	61
8	55
8	41
8	42
8	46
8	44
8	44
8	42
8	44
8	44
8	42
8	42
8	44
8	45
8	45
8	46
8	46
8	47
8	45
8	44
8	45
8	44
9	36
9	34
9	35
9	41
9	39
9	38
9	37
9	39
9	39
9	41
9	35
9	34
9	33
9	33
9	31
9	32
9	29
9	33
9	32
9	35
9	30
9	33
9	31
9	33
9	37
9	32
9	35
9	33
9	29
9	30
9	38
9	37
9	35
9	36
9	35
9	37
9	32
9	36
9	35
9	35
9	33
9	34
9	33
9	35
9	34
9	34
9	33
9	34
9	33
9	33
9	41
9	39
9	36
9	36
9	35
9	37
9	35
9	38
9	37
9	36
9	33
9	33
9	36
9	37
9	33
9	36
9	35
9	38
9	38
9	39
9	30
9	31
9	31
9	30
9	29
9	29
9	30
9	30
9	30
9	29
9	38
9	37
9	36
9	33
9	33
9	35
9	35
9	36
9	35
9	36
9	42
9	42
9	42
9	42
9	37
9	39
9	39
9	42
9	40
9	37
9	36
9	31
9	36
9	31
9	34
9	33
9	32
9	32
9	34
9	34
9	31
9	33
9	29
9	28
9	30
9	29
9	29
9	29
9	30
9	31
9	37
9	37
9	36
9	37
9	40
9	37
9	39
9	37
9	39
9	38
9	31
9	34
9	34
9	30
9	29
9	34
9	30
9	31
9	34
9	34
9	33
9	36
9	35
9	35
9	33
9	33
9	36
9	35
9	34
9	35
9	36
9	36
9	35
9	31
9	32
9	33
9	33
9	31
9	34
9	34
9	40
9	36
9	33
9	34
9	37
9	37
9	39
9	35
9	35
9	37
9	39
9	36
9	39
9	36
9	35
9	33
9	37
9	36
9	36
9	35
9	35
9	35
9	35
9	33
9	35
9	39
9	35
9	33
9	41
9	33
9	32
9	33
9	33
9	38
9	35
9	30
9	33
9	34
9	34
9	35
9	31
9	33
9	32
9	38
9	33
9	34
9	38
9	33
9	33
9	31
9	33
9	34
9	35
9	34
9	32
9	33
9	31
9	32
9	34
9	34
