0	20
0	26
0	22
0	20
0	21
0	23
0	22
0	18
0	24
0	15
0	23
0	15
0	17
0	14
0	14
0	15
0	15
0	21
0	16
0	15
0	15
0	19
0	22
0	20
0	17
0	17
0	13
0	16
0	13
0	14
1	18
1	17
1	16
1	17
1	15
1	15
1	15
1	18
1	18
1	21
1	17
1	13
1	13
1	17
1	15
1	16
1	15
1	18
1	15
1	11
1	17
1	15
1	13
1	12
1	14
1	16
1	12
1	16
1	15
1	15
2	21
2	19
2	14
2	12
2	14
2	15
2	20
2	14
2	7
2	17
2	11
2	15
2	15
2	9
2	12
2	18
2	13
2	12
2	12
2	16
2	13
2	12
2	17
2	15
2	13
2	19
2	11
2	13
2	10
2	15
3	21
3	18
3	23
3	23
3	21
3	21
3	23
3	21
3	24
3	19
3	23
3	23
3	17
3	23
3	19
3	17
3	18
3	19
3	15
3	22
3	18
3	15
3	17
3	25
3	21
3	19
3	23
3	16
3	20
3	22
4	13
4	11
4	12
4	10
4	11
4	10
4	16
4	13
4	11
4	15
4	11
4	15
4	16
4	13
4	17
4	14
4	16
4	15
4	15
4	10
4	15
4	14
4	18
4	15
4	15
4	12
4	12
4	10
4	12
4	10
5	17
5	16
5	16
5	21
5	18
5	13
5	16
5	17
5	21
5	23
5	19
5	16
5	18
5	18
5	15
5	16
5	18
5	19
5	16
5	16
5	18
5	14
5	16
5	19
5	23
5	17
5	18
5	16
5	18
5	15
6	16
6	15
6	15
6	17
6	15
6	12
6	16
6	18
6	18
6	14
6	20
6	19
6	17
6	14
6	14
6	18
6	17
6	20
6	17
6	14
6	13
6	16
6	16
6	21
6	16
6	15
6	21
6	16
6	21
6	25
7	10
7	12
7	11
7	11
7	10
7	11
7	11
7	14
7	13
7	12
7	12
7	13
7	17
7	13
7	11
7	12
7	11
7	12
7	11
7	12
7	14
7	15
7	14
7	15
7	13
7	10
7	13
7	15
7	13
7	16
8	17
8	12
8	18
8	16
8	17
8	19
8	20
8	19
8	18
8	11
8	11
8	17
8	15
8	12
8	15
8	14
8	14
8	11
8	13
8	14
8	12
8	17
8	11
8	10
8	14
8	15
8	17
8	12
8	14
8	9
0	19
0	17
0	19
0	18
0	24
0	17
0	17
0	29
0	17
0	23
0	20
0	14
0	16
0	17
0	18
0	13
0	19
0	17
0	16
0	18
0	18
0	19
0	22
0	17
0	19
0	15
0	14
0	12
0	19
0	16
0	15
1	17
1	15
1	17
1	15
1	17
1	13
1	18
1	18
1	18
1	16
1	18
1	16
1	13
1	14
1	15
1	14
1	12
1	14
1	16
1	12
1	14
1	15
1	14
1	13
1	15
1	13
1	15
1	17
1	16
1	17
1	14
1	12
1	13
1	14
1	16
2	19
2	17
2	15
2	14
2	13
2	13
2	18
2	12
2	13
2	14
2	12
2	15
2	13
2	9
2	18
2	20
2	21
2	12
2	13
2	15
2	14
2	13
2	12
2	13
2	11
2	14
2	14
2	15
2	13
2	14
2	15
2	10
2	14
2	13
2	10
2	13
2	12
2	14
2	10
2	15
2	15
2	14
2	14
2	9
2	13
2	14
2	13
2	11
2	10
2	14
2	13
2	17
2	10
2	11
2	13
2	13
2	9
2	11
2	16
2	14
2	14
2	9
2	10
2	15
2	16
2	10
2	9
2	14
2	17
2	23
2	7
2	9
2	15
2	15
2	17
2	14
2	10
2	15
2	16
2	18
2	16
2	10
2	16
2	18
2	13
2	13
2	11
2	11
3	23
3	13
3	15
3	21
3	24
3	20
3	22
3	25
3	24
3	21
3	22
3	26
3	18
3	22
3	20
3	24
3	25
3	20
3	17
3	22
3	20
3	24
3	20
3	20
3	15
3	14
3	18
3	15
3	21
3	20
3	20
3	14
3	22
3	19
3	23
3	21
3	20
3	21
3	18
3	16
3	17
3	12
3	17
3	16
4	13
4	11
4	9
4	11
4	15
4	11
4	12
4	11
4	11
4	14
4	15
4	11
4	14
4	12
4	13
4	13
4	14
4	17
4	18
4	16
4	21
4	13
4	17
4	14
4	10
4	13
4	13
4	10
4	13
5	16
5	14
5	16
5	17
5	16
5	19
5	18
5	20
5	18
5	18
5	17
5	16
5	16
5	16
5	22
5	18
5	16
5	21
5	21
5	17
5	21
5	23
5	20
5	24
6	14
6	22
6	14
6	14
6	12
6	15
6	14
6	16
6	16
6	14
6	12
6	14
6	19
6	15
6	11
6	15
6	12
6	20
6	18
6	18
6	21
6	17
6	21
6	17
6	17
6	16
6	16
6	17
6	20
6	16
6	17
6	17
6	18
6	17
6	16
6	21
6	25
6	18
6	16
6	16
7	10
7	12
7	14
7	11
7	10
7	10
7	11
7	11
7	11
7	12
7	9
7	12
7	17
7	13
7	12
7	11
7	15
7	11
7	12
7	15
7	13
7	14
7	13
7	12
7	12
7	11
7	12
7	13
7	12
7	11
7	14
7	12
7	11
7	16
7	15
7	15
7	11
7	17
7	13
7	14
7	13
7	13
7	15
7	16
7	13
7	12
7	13
7	13
7	14
7	12
8	15
8	12
8	17
8	17
8	20
8	18
8	16
8	12
8	15
8	19
8	13
8	16
8	16
8	16
8	12
8	15
8	14
8	16
8	15
8	21
8	10
8	11
8	15
8	13
8	11
8	12
8	15
8	14
8	11
