8	78
2	39
1	27
4	41
1	29
6	28
4	31
0	33
5	53
0	35
9	53
8	38
5	81
9	46
7	38
3	45
3	43
9	45
2	65
2	35
5	52
1	36
5	42
8	56
6	54
4	52
0	28
4	42
8	53
1	14
8	40
5	33
7	44
0	39
9	29
3	44
5	57
4	34
9	61
2	30
7	35
5	58
6	35
3	48
3	25
6	41
3	40
2	32
5	40
4	36
3	35
1	27
0	49
1	21
4	38
5	35
3	106
2	33
0	25
6	43
8	38
5	46
0	43
3	38
7	46
8	44
5	47
6	26
8	58
8	43
9	46
0	28
4	58
1	34
9	57
7	43
0	27
6	46
3	35
3	49
2	43
4	43
1	42
6	31
5	34
5	43
7	60
0	26
0	32
9	24
5	38
6	38
4	56
7	36
1	37
0	28
1	24
9	54
6	26
2	34
0	29
3	55
0	27
8	41
0	33
3	35
0	37
0	30
5	50
4	47
6	39
0	32
6	29
8	43
9	70
4	28
5	34
6	32
2	55
9	67
8	57
5	51
0	28
0	32
0	59
4	36
7	36
3	51
9	23
2	36
5	40
9	65
0	27
6	28
0	39
6	27
6	35
1	24
4	28
0	28
0	32
6	67
2	49
9	24
5	35
3	62
1	21
4	45
2	44
4	50
1	24
1	38
1	44
6	54
1	24
9	45
8	40
4	39
7	42
3	47
1	16
9	42
7	32
4	47
3	54
0	39
7	46
5	28
8	50
3	39
6	44
5	35
1	64
5	59
1	26
1	55
1	47
9	53
4	33
5	53
7	57
7	48
7	34
0	27
3	29
6	30
9	40
6	40
9	40
0	33
9	43
7	45
1	37
0	27
5	58
0	30
5	68
1	44
9	57
4	40
4	45
4	37
5	27
2	34
6	34
8	46
2	26
1	35
1	23
3	38
8	57
4	47
7	39
1	10
5	51
7	37
5	39
8	50
5	36
4	48
6	35
2	32
3	33
4	30
4	50
8	39
6	43
2	49
5	48
5	60
6	38
7	30
7	40
1	24
7	46
1	80
3	44
8	38
9	34
0	47
3	66
0	24
7	37
8	49
2	52
9	69
0	26
9	38
9	40
1	21
4	55
6	40
3	66
2	31
6	17
0	50
8	65
0	38
8	47
9	36
3	48
8	40
6	29
6	32
2	30
0	32
9	41
7	58
0	31
8	43
8	39
4	26
4	51
6	33
6	30
4	25
0	32
1	54
2	43
7	37
3	44
4	33
9	43
6	28
5	44
2	74
6	17
7	40
6	33
5	61
3	49
2	48
5	69
6	24
4	25
3	40
8	41
2	36
5	52
3	51
5	28
7	40
4	47
3	64
5	63
1	27
2	29
5	52
8	46
8	48
4	55
8	58
5	72
9	40
3	43
0	46
2	25
7	30
1	47
1	76
1	41
4	52
7	49
7	33
8	59
1	22
9	54
0	23
6	30
6	46
8	89
2	33
3	59
8	41
2	36
5	55
3	37
6	40
3	44
2	56
2	28
6	22
2	40
0	26
8	55
9	70
7	32
5	42
4	54
3	42
1	41
1	25
6	29
9	54
0	28
2	34
0	25
2	46
8	35
0	39
2	39
6	32
6	28
1	27
7	24
9	52
2	36
2	54
4	35
5	46
3	35
4	51
2	62
2	64
8	33
5	65
0	28
8	56
3	49
0	29
7	40
3	41
6	33
7	43
2	45
1	26
4	36
0	33
7	25
7	73
6	38
0	36
3	42
8	61
6	31
6	26
0	26
8	56
2	32
3	49
3	42
9	41
5	33
1	17
0	41
9	42
6	37
1	61
6	33
3	65
7	36
8	50
1	52
2	39
5	71
9	58
2	44
3	40
4	33
7	40
7	51
8	58
4	31
3	59
9	48
7	57
8	44
5	60
0	24
3	43
0	44
8	41
4	49
7	50
6	41
5	40
2	30
2	24
4	60
0	35
3	37
0	31
7	45
3	42
3	42
4	30
5	47
5	45
7	34
7	31
4	32
5	32
0	25
9	24
1	41
5	44
2	90
6	50
3	36
1	37
2	53
5	29
9	39
9	26
8	46
8	44
4	42
7	32
6	37
9	39
0	39
6	29
9	37
9	42
7	38
6	18
0	30
2	44
0	36
2	37
5	47
6	27
7	51
6	32
5	46
0	35
0	24
0	38
9	37
5	53
7	43
4	64
3	43
2	36
1	58
1	25
5	50
2	36
3	37
8	30
5	57
8	43
7	47
0	26
7	25
5	51
5	58
8	53
1	23
4	40
4	54
8	57
2	29
5	56
7	29
1	40
4	36
2	47
8	38
1	24
1	62
5	36
1	52
7	42
1	53
0	32
2	42
8	50
1	64
5	58
7	38
4	40
5	35
6	36
2	54
3	31
7	43
8	40
8	42
0	25
4	34
5	56
7	42
7	28
6	39
0	51
4	35
0	38
8	51
7	28
7	36
4	50
1	33
2	35
5	29
1	11
2	27
2	40
9	51
4	35
8	33
3	49
9	45
2	77
8	41
0	34
3	38
3	53
6	30
4	36
4	39
6	43
8	39
6	35
2	28
8	45
5	36
2	64
2	49
5	40
6	33
3	44
8	35
8	40
8	53
9	56
2	64
0	37
8	43
3	45
9	39
8	58
4	60
5	30
1	33
0	27
4	43
0	34
5	70
3	49
6	27
9	37
4	44
2	29
8	38
0	41
5	38
4	39
6	38
8	36
1	45
4	33
1	54
1	28
1	45
9	60
8	50
5	49
3	48
2	45
3	54
2	26
7	34
8	42
4	43
9	52
8	34
0	32
3	40
5	33
8	56
1	23
7	34
0	37
3	47
5	43
3	39
7	38
5	55
6	33
9	46
0	29
5	46
3	36
9	52
3	38
5	35
7	35
3	33
2	39
9	53
1	30
4	31
6	17
7	59
1	29
3	42
7	97
4	40
6	27
6	38
4	43
6	37
2	39
2	39
7	67
1	14
5	68
3	39
3	27
6	52
1	30
1	15
9	63
2	56
1	50
0	34
9	51
0	64
8	43
6	31
8	47
3	45
2	35
5	50
1	36
2	45
1	51
9	67
9	40
0	59
3	34
8	41
9	37
5	46
7	43
0	26
2	32
1	29
6	27
8	42
3	57
8	34
3	36
0	27
8	42
3	40
0	30
7	42
5	45
5	29
2	46
2	31
7	33
8	36
9	66
3	22
0	21
3	44
1	38
5	32
2	25
8	55
6	28
6	42
4	45
6	30
2	46
0	25
3	41
8	66
1	43
7	37
6	33
2	41
4	35
5	46
2	52
8	185
1	27
5	43
5	69
5	63
7	38
1	50
1	45
3	20
9	42
2	37
3	67
7	54
8	44
0	28
8	26
1	26
5	48
5	56
2	62
6	26
2	40
8	38
3	34
6	29
2	30
8	50
9	63
4	76
1	41
7	45
2	57
0	26
0	25
6	30
8	38
9	33
1	27
5	42
5	35
8	46
2	53
8	39
1	42
8	45
1	50
0	41
6	35
4	32
3	72
5	45
7	59
6	64
7	24
1	23
1	17
3	37
7	35
3	43
3	47
2	53
9	47
6	34
5	42
8	42
8	46
0	53
5	47
1	33
5	51
8	39
2	36
6	21
1	59
2	33
0	37
2	35
3	57
3	51
1	52
1	34
2	31
4	41
4	37
0	31
2	38
1	26
8	37
6	47
5	60
8	68
3	48
4	35
5	47
1	47
5	37
7	47
9	49
3	34
6	32
1	53
5	66
6	40
6	26
0	27
5	44
6	31
2	31
4	31
4	43
4	34
1	61
8	41
7	36
7	37
4	66
0	30
1	50
1	36
0	29
3	29
2	59
2	29
9	39
2	72
2	38
0	26
3	37
7	43
2	36
8	39
9	60
4	39
6	33
9	75
1	61
1	31
9	76
8	54
5	37
1	24
4	31
0	25
2	50
1	31
9	39
3	35
3	40
2	38
3	21
4	34
7	39
2	52
9	36
3	49
4	59
0	26
0	38
7	54
3	67
2	30
2	38
8	70
5	47
8	39
1	26
4	28
0	32
6	29
4	60
2	45
2	47
7	57
4	45
5	38
3	50
7	34
7	31
2	46
8	37
1	29
2	71
2	33
9	40
2	64
4	26
2	45
7	25
5	58
9	30
3	43
9	50
2	17
0	23
0	37
5	37
8	86
4	37
2	55
5	51
4	35
3	43
0	32
8	70
8	47
1	26
2	39
1	24
2	23
8	37
5	46
2	37
5	47
7	44
7	50
0	40
3	35
9	47
3	48
4	36
9	40
7	36
4	51
5	50
6	29
1	32
7	54
4	46
0	36
9	54
8	46
3	42
8	39
5	60
4	46
7	34
5	45
4	34
0	30
2	37
8	42
6	27
1	22
3	49
6	32
9	41
4	49
5	41
8	48
0	29
5	42
6	35
8	28
1	25
2	43
6	38
6	33
1	49
3	44
5	54
8	45
2	38
7	48
9	43
2	43
4	43
4	49
4	46
9	45
3	49
6	29
7	27
0	26
9	58
4	39
3	44
5	55
4	35
9	47
4	44
6	33
1	23
2	53
5	49
1	27
0	31
9	47
0	24
0	36
3	60
4	48
4	28
0	31
3	42
3	40
1	34
9	45
6	37
2	62
9	50
9	61
2	38
5	61
5	62
0	28
3	30
4	40
8	51
2	44
5	33
6	38
7	46
4	40
8	31
6	33
3	39
5	45
7	33
0	34
9	42
1	30
6	24
1	24
4	30
7	34
9	55
1	53
4	33
6	40
7	37
2	37
2	37
4	33
2	30
5	48
8	42
3	39
6	36
5	57
5	43
1	23
8	33
9	38
8	42
4	27
9	51
1	63
9	41
6	25
9	42
9	43
4	28
4	37
0	32
0	37
3	59
4	34
7	46
4	37
2	37
6	34
9	32
5	62
0	31
5	27
6	30
8	46
6	25
1	15
1	13
0	25
5	30
0	25
9	54
6	18
7	25
6	28
0	26
6	18
1	42
5	50
5	30
5	30
7	33
4	35
6	24
5	53
2	52
1	49
7	44
7	33
8	64
1	49
9	68
4	50
2	52
2	38
2	36
4	50
9	73
9	36
8	47
8	73
6	40
1	50
7	35
6	30
9	49
9	39
1	39
5	43
6	33
1	28
8	45
2	40
6	29
8	40
1	26
8	46
9	47
8	43
9	37
3	47
7	50
7	41
6	27
2	46
6	29
1	17
0	27
6	32
3	41
6	36
8	42
1	37
6	27
0	37
1	41
6	40
7	39
3	40
4	35
0	27
2	30
8	37
9	41
3	42
9	62
2	61
7	58
7	41
7	44
7	30
1	56
4	42
2	54
3	38
5	41
1	25
1	48
6	32
6	27
2	27
7	37
9	51
8	40
6	26
9	44
5	41
0	27
8	49
1	78
4	35
1	36
0	37
8	38
2	24
7	38
8	51
9	44
7	47
3	41
1	25
6	25
6	30
2	53
8	35
7	44
3	35
0	30
3	35
3	39
1	31
9	44
8	38
6	36
1	28
2	31
0	34
6	28
7	51
7	37
2	34
5	56
5	58
4	31
8	34
4	43
4	38
8	45
9	40
8	43
8	67
7	26
3	40
9	40
3	46
8	42
4	49
4	30
9	44
9	44
6	36
8	39
4	64
8	40
7	48
3	33
8	46
8	40
9	52
2	23
8	44
7	32
6	29
7	38
7	86
2	36
1	36
7	65
0	24
7	23
1	61
0	33
6	37
2	33
5	40
4	30
6	28
7	36
8	40
4	31
2	46
6	27
9	39
3	36
7	55
0	26
3	35
8	42
0	27
5	55
3	42
1	40
2	37
0	29
2	24
6	57
2	29
6	35
8	55
2	32
6	29
8	53
4	61
7	36
2	30
0	45
4	56
2	29
7	44
8	50
7	30
4	46
4	68
8	46
8	53
2	28
6	35
0	43
2	36
6	24
4	33
8	53
0	28
1	33
4	51
2	35
0	31
4	70
7	28
0	25
6	26
0	23
0	29
2	44
1	30
0	37
3	55
2	31
2	32
5	67
3	43
4	39
5	48
6	36
9	69
9	51
5	32
1	17
2	58
0	32
2	38
9	51
3	40
8	36
2	31
0	88
1	37
9	49
7	23
6	32
5	48
6	28
6	29
8	45
1	26
7	43
1	32
3	64
1	45
9	41
7	36
6	43
3	48
1	16
9	48
1	18
4	37
8	49
2	24
4	47
9	48
1	22
3	36
1	29
1	32
0	32
4	42
0	31
7	48
4	36
3	38
3	36
7	32
4	35
2	44
9	47
2	27
5	42
5	46
8	32
3	74
6	35
0	30
4	52
2	25
4	42
5	72
3	47
6	24
5	51
3	39
1	66
7	43
0	37
9	57
5	45
1	33
7	34
0	27
8	41
0	40
1	59
7	56
1	36
3	58
2	36
9	41
4	51
9	61
0	27
1	75
9	39
4	55
4	32
3	51
9	28
0	26
1	43
1	61
7	46
9	70
2	43
4	29
6	63
1	28
7	40
4	56
6	26
4	34
0	27
2	26
2	32
6	34
1	22
9	44
9	57
6	28
8	36
1	26
3	31
7	36
4	57
0	28
6	35
0	30
9	61
1	27
3	38
6	46
6	35
8	39
7	45
9	35
0	41
5	59
4	36
1	28
5	47
4	60
0	33
5	45
1	28
5	65
1	54
6	34
9	44
5	26
5	44
8	49
0	26
9	70
6	38
0	28
5	51
8	37
2	42
2	33
1	26
2	30
7	37
9	41
7	35
1	58
9	50
7	47
8	57
1	50
7	37
9	34
4	40
4	47
7	38
0	29
1	24
0	37
8	44
8	49
2	32
9	59
7	36
4	52
3	37
1	27
9	38
2	34
1	36
2	35
2	32
0	26
9	49
7	45
5	52
4	27
6	27
4	37
4	55
6	28
8	38
6	38
7	46
6	31
6	36
5	45
9	30
4	33
6	32
4	31
2	27
5	54
1	19
0	28
5	45
0	28
2	44
0	30
8	53
5	46
5	31
0	30
8	40
4	38
5	56
0	54
4	43
1	48
0	36
4	54
1	63
7	41
9	42
8	45
8	46
5	44
3	42
5	52
2	48
1	49
5	25
5	33
0	57
8	39
8	54
7	47
3	37
6	32
7	31
0	25
6	35
0	48
7	43
4	35
7	37
0	37
7	23
2	56
5	29
3	33
9	29
5	27
3	35
3	43
3	33
3	37
8	49
6	36
3	51
7	34
0	28
9	39
3	38
7	48
2	43
9	52
4	22
5	55
8	43
5	42
2	30
3	44
8	34
7	41
9	66
6	27
6	39
0	31
6	27
3	62
4	51
8	35
0	34
6	27
6	31
2	39
9	47
7	50
9	35
8	44
3	68
1	50
1	59
5	25
6	46
1	53
0	32
6	29
2	29
9	40
9	44
3	55
1	28
8	50
7	33
8	46
6	58
6	31
1	12
5	41
5	59
4	42
0	35
3	25
4	26
9	53
7	33
1	34
9	44
8	41
9	33
7	42
7	35
0	41
1	29
8	55
2	44
5	45
3	32
4	43
5	34
8	40
0	24
0	36
0	35
0	33
5	42
9	40
0	29
1	27
1	36
5	34
8	37
4	46
8	40
5	57
2	26
2	49
0	33
0	48
2	42
7	43
6	45
1	43
2	36
8	30
5	38
4	27
0	35
1	62
5	26
8	64
3	53
1	25
2	59
3	55
0	50
5	53
0	35
0	28
4	38
4	31
1	29
5	44
6	30
9	44
9	46
0	61
8	70
8	47
8	42
3	57
4	31
1	34
9	52
9	42
8	41
6	37
5	78
3	25
4	31
1	50
9	48
4	39
4	29
3	47
0	49
4	69
7	32
4	44
2	26
1	19
1	25
5	64
0	25
6	18
5	47
1	61
7	34
0	28
9	47
1	24
8	42
9	34
9	58
3	39
2	44
4	47
3	46
9	33
0	27
2	67
2	47
8	37
7	46
0	38
8	42
8	47
1	40
8	43
7	28
2	58
1	23
3	40
5	28
1	30
4	47
3	61
5	34
3	44
9	49
4	41
0	58
2	55
6	27
7	47
6	28
2	30
5	58
2	32
2	25
0	35
5	34
2	27
2	47
1	37
8	53
0	39
1	26
6	29
4	30
9	49
4	65
6	29
9	43
2	34
7	33
8	43
8	62
5	41
2	52
9	60
4	47
5	46
2	28
4	45
7	34
8	42
0	34
9	28
8	46
2	45
8	62
6	18
7	36
2	41
3	69
9	73
9	39
0	28
7	23
2	37
2	27
3	40
1	52
3	34
0	32
3	53
3	47
1	35
2	39
8	35
1	28
3	39
9	42
9	51
9	40
4	55
3	58
9	47
1	46
3	37
8	44
1	48
8	68
5	42
5	38
7	47
2	64
6	53
3	50
8	61
8	58
0	32
1	32
8	57
4	43
0	31
4	35
5	39
8	54
3	22
5	52
0	34
8	61
9	42
4	50
0	25
2	38
3	48
5	38
5	42
1	54
9	53
8	55
9	42
6	45
4	50
6	28
7	35
5	52
8	25
7	41
3	41
9	35
9	38
1	28
6	26
3	29
1	42
1	10
7	32
1	41
1	35
1	39
4	29
5	35
7	32
2	55
7	37
3	39
2	29
0	29
9	36
7	37
7	36
8	46
9	52
7	37
4	42
3	44
4	65
2	35
7	45
9	86
2	45
9	45
8	39
1	61
3	48
0	31
2	45
7	64
1	19
4	48
7	26
8	34
0	43
8	38
7	30
9	34
8	26
9	73
6	53
5	99
1	60
4	49
5	32
8	76
5	39
7	37
1	60
9	61
0	44
5	44
1	46
0	33
2	35
8	39
8	38
6	33
5	60
7	46
0	27
4	41
7	38
3	56
2	27
7	35
7	31
0	27
9	66
9	43
0	39
0	42
5	48
9	79
2	36
5	47
6	42
0	56
2	25
9	40
7	42
4	35
0	37
8	48
8	39
8	42
3	38
4	39
9	43
5	42
8	35
6	38
5	41
9	42
7	49
2	39
8	58
4	63
9	60
4	56
3	44
8	32
4	32
6	31
6	24
3	38
0	34
8	73
0	30
6	26
9	35
8	51
3	43
8	23
0	40
5	48
7	41
7	34
5	48
2	48
1	25
2	26
4	35
1	50
5	32
8	43
1	35
4	34
9	69
5	32
6	26
4	35
7	40
1	41
9	46
2	43
5	55
5	59
0	34
4	47
5	61
3	57
3	22
3	60
8	40
0	42
7	34
6	37
1	42
8	41
5	53
7	45
4	43
5	29
7	38
2	50
0	32
3	34
1	44
6	28
3	50
1	25
5	39
2	34
3	40
5	57
4	48
2	32
4	45
0	20
0	30
8	45
6	31
3	36
5	38
7	37
0	25
6	32
9	48
2	40
8	30
6	29
5	73
0	44
5	63
5	26
2	46
6	39
9	35
0	27
6	29
9	23
0	28
3	40
4	46
6	28
8	52
2	47
3	53
5	42
3	43
1	22
8	25
2	35
1	28
0	28
7	36
6	31
8	36
1	39
4	34
3	43
2	35
1	23
7	31
0	58
3	46
1	34
1	56
9	45
9	45
3	45
4	32
5	50
7	73
0	25
3	67
7	42
3	43
5	39
2	28
5	47
2	32
9	42
8	50
5	35
7	35
3	33
9	71
2	19
1	35
1	45
5	31
8	60
3	49
3	43
2	41
8	38
1	16
3	38
4	38
0	35
6	40
4	34
1	12
8	40
8	42
5	34
2	29
0	24
2	28
9	39
5	49
6	31
3	56
3	40
0	44
4	44
0	28
6	35
1	26
4	48
0	25
9	40
8	33
6	44
5	54
2	38
2	50
3	56
5	28
8	68
3	47
3	38
0	30
4	27
4	32
3	54
0	27
0	29
8	71
4	45
9	48
3	41
1	26
2	31
4	31
3	29
9	71
6	28
1	20
6	32
6	31
4	46
1	39
9	61
3	45
5	36
5	29
0	27
0	28
1	41
4	29
1	31
4	37
0	33
7	34
4	26
1	39
3	33
9	35
2	43
2	33
7	36
7	31
2	29
0	25
0	31
5	35
7	47
9	40
1	56
6	27
5	51
4	28
4	36
3	51
3	36
1	60
7	34
0	43
5	59
2	42
8	41
8	54
3	34
9	45
9	35
9	45
6	31
4	27
2	32
1	23
7	32
9	42
1	28
6	35
2	30
3	47
8	39
7	39
2	43
3	57
6	28
2	31
3	53
6	26
0	26
4	44
3	57
9	32
8	60
6	30
5	40
7	42
2	31
6	30
0	35
3	41
4	39
1	26
1	28
7	49
7	38
0	67
6	35
5	44
2	31
0	29
7	43
2	35
9	29
3	35
4	58
6	42
0	26
6	28
7	41
8	34
4	37
0	33
0	29
6	44
7	32
3	39
0	27
2	25
4	52
9	35
4	37
3	38
5	62
5	58
6	31
3	38
9	57
9	45
5	48
5	34
7	41
9	48
6	35
5	48
4	49
3	47
1	52
0	28
7	53
8	37
7	38
1	26
1	48
9	52
0	42
9	69
9	42
2	38
2	23
9	51
8	36
6	37
5	36
1	44
7	45
6	36
2	25
6	26
2	18
2	44
0	26
9	48
3	37
1	30
7	67
7	39
8	67
9	43
7	35
4	25
8	59
3	53
6	24
0	24
0	38
2	35
6	46
8	37
3	39
0	30
3	52
6	30
0	33
2	35
1	18
5	50
9	49
4	39
9	38
4	44
2	29
4	53
1	50
8	44
1	29
9	51
8	35
7	52
9	60
5	34
2	57
7	44
2	68
2	33
1	30
9	51
8	38
5	42
1	28
2	54
5	44
5	29
5	48
8	57
8	42
7	53
2	27
0	25
4	29
7	44
2	41
7	33
3	28
7	37
8	46
5	72
0	30
9	56
0	39
5	51
5	42
1	47
7	42
3	54
7	22
8	71
2	35
8	54
2	30
2	32
5	42
1	24
0	33
4	55
1	61
5	47
7	33
9	37
8	44
2	32
6	33
7	34
7	41
7	46
9	50
1	39
3	51
9	34
5	30
7	41
4	43
8	66
7	30
9	47
3	42
1	24
4	43
1	22
9	38
5	57
6	28
7	35
4	42
3	40
5	36
6	33
3	36
3	36
4	38
4	37
1	25
7	34
6	30
9	78
8	38
7	40
7	50
0	43
4	37
0	30
7	39
3	38
3	41
0	45
2	54
1	25
9	53
0	25
9	40
0	34
9	48
4	28
4	29
2	39
7	51
1	34
7	38
8	53
3	37
4	50
1	60
0	27
1	44
0	32
5	48
1	29
6	44
5	48
4	40
2	41
1	29
0	30
2	50
2	32
9	37
8	39
1	49
2	33
9	54
7	36
3	34
3	41
9	40
8	80
7	44
4	58
1	64
6	28
9	41
5	28
7	42
0	24
6	24
1	28
3	46
0	37
9	47
8	42
3	32
4	42
7	35
3	38
9	56
1	33
5	37
4	38
8	46
4	39
7	40
4	83
1	56
6	38
4	34
1	27
0	27
2	46
4	33
1	19
5	59
4	37
7	38
2	29
2	39
5	43
3	53
8	48
4	57
0	33
2	32
7	28
2	37
6	15
0	29
0	30
7	44
1	27
5	66
3	38
7	53
7	44
8	48
3	46
1	35
3	51
3	41
5	43
5	44
5	42
9	46
7	38
9	47
2	46
7	32
2	32
2	26
8	54
3	38
8	36
5	43
7	45
9	51
0	32
2	72
5	45
2	28
2	43
4	40
3	51
5	53
3	28
9	58
3	45
6	33
4	36
1	22
7	23
7	37
9	29
6	27
4	35
9	31
1	33
6	29
5	62
2	33
6	46
5	38
4	51
9	39
0	31
5	35
7	37
8	76
9	44
0	53
2	43
8	36
5	58
5	65
0	29
5	46
3	35
8	56
3	38
4	33
1	25
5	31
6	29
1	26
0	53
3	40
4	52
2	41
7	21
3	46
5	39
8	44
6	44
4	38
1	16
8	42
8	25
4	57
9	33
6	31
8	43
2	40
0	26
9	40
6	29
9	47
2	48
3	47
2	65
3	40
0	21
5	54
8	32
6	28
3	46
8	37
3	58
1	24
8	43
7	38
6	34
6	25
5	47
5	57
4	35
5	30
1	35
0	32
5	46
4	43
4	57
6	30
4	39
1	27
5	69
6	28
4	37
1	21
7	38
1	34
0	29
9	56
5	44
4	40
8	45
2	45
0	34
4	34
6	31
2	60
4	31
7	43
7	46
4	57
6	35
9	33
7	98
9	54
3	43
1	30
7	33
2	36
7	69
2	30
4	39
5	43
2	40
5	41
2	33
4	33
1	55
0	41
0	25
3	46
4	49
8	64
5	40
4	37
0	36
0	27
6	20
8	45
2	43
5	61
4	38
3	35
7	47
7	45
4	35
2	51
8	42
6	26
1	26
9	89
0	32
0	28
3	58
8	39
7	41
4	43
1	28
5	34
3	32
6	16
1	26
8	52
8	43
7	33
9	48
7	43
7	44
5	47
1	28
1	21
4	41
0	27
9	41
8	42
2	51
8	40
4	35
7	56
6	27
4	44
6	28
0	36
7	36
5	42
1	32
2	41
9	38
2	18
1	10
2	45
9	47
6	36
3	66
6	30
2	37
4	40
3	46
7	40
1	65
7	36
6	33
6	29
9	54
4	47
1	31
8	42
9	43
4	35
4	31
1	41
2	30
4	43
4	45
4	47
0	28
0	28
3	39
8	46
7	53
5	78
6	24
5	47
4	38
4	32
9	36
5	34
3	58
3	37
4	46
9	39
8	51
9	64
4	46
9	45
9	36
6	28
9	54
0	34
8	41
2	29
1	36
3	38
9	43
8	50
5	37
0	23
0	29
2	39
2	46
3	49
2	53
8	48
0	35
1	27
0	29
1	32
1	23
7	55
0	36
8	45
8	43
1	51
7	34
4	42
7	38
7	48
0	43
2	21
5	42
1	21
6	34
9	37
7	71
7	63
0	36
6	31
2	43
4	40
1	36
4	46
3	40
6	30
3	49
2	45
5	33
2	16
5	52
6	26
0	33
0	38
8	44
3	46
5	43
0	27
0	28
2	40
3	52
5	55
7	41
5	31
1	31
5	42
3	29
3	43
8	42
7	31
3	33
0	26
1	31
6	52
9	43
0	33
3	38
4	35
6	33
6	28
0	35
0	61
6	29
0	27
0	36
5	48
1	66
2	33
5	38
7	36
4	42
8	32
9	34
4	33
4	39
1	52
7	33
8	34
5	44
3	49
1	21
9	52
5	60
1	57
1	62
1	11
1	27
9	60
5	51
7	32
7	30
8	43
2	41
7	42
0	28
3	37
5	61
2	25
0	56
3	28
6	30
8	41
8	52
7	42
4	52
7	32
0	28
3	46
7	49
3	38
8	38
4	57
7	87
0	62
7	45
0	29
9	60
2	18
7	31
5	43
3	29
9	50
0	37
9	41
0	34
1	47
0	27
3	59
4	30
3	44
9	41
5	53
5	40
1	33
1	29
2	29
4	33
4	41
1	28
0	37
7	39
4	64
4	35
1	26
1	37
5	37
7	46
4	32
5	49
5	41
0	32
9	43
5	46
3	34
2	53
7	46
9	41
8	29
2	42
2	27
4	29
4	34
8	35
9	44
4	36
9	43
2	48
6	25
5	31
6	41
9	49
6	30
6	28
5	45
4	49
4	35
4	45
2	77
7	59
7	46
5	44
5	49
0	38
8	76
0	26
7	37
8	38
5	73
5	28
3	46
8	39
1	53
3	41
6	34
6	35
3	38
4	46
8	42
2	46
6	25
3	44
0	28
9	49
6	35
9	36
3	41
3	33
0	27
7	44
8	40
0	26
6	48
4	39
8	39
9	39
6	30
0	42
4	31
6	34
4	45
1	32
3	51
2	46
6	33
0	29
0	31
0	33
6	27
2	45
5	59
5	49
2	36
6	28
7	40
5	59
5	48
2	43
7	40
3	43
0	31
3	28
9	46
1	50
1	32
8	40
8	38
5	79
4	68
8	46
7	55
9	45
2	46
9	70
7	51
6	26
8	51
2	42
1	30
5	42
8	43
9	47
0	65
3	37
9	52
6	35
6	30
6	28
8	45
5	24
9	75
7	47
4	38
4	49
7	26
4	45
1	57
3	43
5	42
1	61
9	45
6	36
6	38
9	40
4	36
6	37
5	68
4	35
7	48
9	55
7	48
4	70
9	90
4	49
9	31
4	37
1	28
1	44
8	44
4	59
4	34
5	56
1	25
1	24
9	53
2	36
2	53
6	59
9	42
4	34
3	23
3	44
6	33
6	26
5	53
1	32
0	25
8	51
4	35
1	18
1	24
4	35
7	42
6	30
7	36
3	46
7	32
8	35
2	28
8	64
0	30
9	55
0	43
3	41
9	33
3	47
2	53
6	31
6	37
8	35
8	40
3	21
5	46
1	58
2	42
5	56
0	39
0	40
4	33
4	40
1	51
1	53
6	37
5	42
7	34
1	27
0	25
8	41
8	52
9	41
9	52
4	61
1	26
7	33
1	24
8	46
6	39
4	33
4	39
9	43
1	45
6	34
4	65
2	45
9	38
5	52
6	38
1	38
1	55
9	38
6	34
4	38
8	68
0	28
8	47
1	31
4	31
9	32
8	50
4	56
8	63
5	49
7	42
3	39
5	43
4	62
8	35
4	30
1	24
3	33
3	49
0	33
4	60
1	24
0	30
2	34
1	29
3	49
9	46
9	26
0	38
3	54
3	44
7	28
7	50
9	44
7	55
8	41
5	46
2	49
0	27
7	37
6	28
0	39
5	43
0	33
3	39
6	24
9	54
3	20
2	44
4	33
8	44
2	32
5	57
8	28
9	56
3	44
0	28
5	52
0	53
1	53
2	30
0	50
2	53
3	52
1	19
2	40
4	46
5	54
2	38
4	38
8	37
3	60
6	28
6	56
3	38
6	42
3	29
1	27
2	53
7	35
4	40
0	26
1	74
6	33
0	31
8	47
6	26
2	38
2	44
7	31
2	36
8	46
2	38
6	44
1	26
0	28
6	37
9	46
3	41
2	16
0	34
6	33
1	25
4	37
2	27
8	39
3	55
4	46
8	42
9	44
6	30
4	43
9	54
2	55
7	38
2	41
6	29
9	35
0	32
7	31
3	23
1	34
3	39
8	25
1	51
2	26
2	34
0	46
3	36
5	67
4	65
6	24
7	46
9	50
9	54
1	74
7	44
3	51
2	49
7	40
0	61
2	43
9	31
7	40
7	37
0	25
2	49
9	44
3	51
3	19
1	25
6	29
8	34
1	22
8	35
3	44
4	52
0	31
6	31
6	37
2	28
6	27
3	60
8	66
4	60
9	46
4	37
4	29
7	32
1	31
4	51
5	56
8	27
6	31
5	60
7	39
7	25
8	45
1	23
2	25
7	41
0	24
5	38
9	67
5	43
6	76
3	40
6	26
3	44
2	34
0	23
4	36
2	33
8	31
3	40
3	41
0	25
5	40
8	61
2	31
0	25
1	48
8	50
4	57
6	41
1	41
4	53
5	56
2	45
4	51
1	40
0	35
1	24
7	43
5	43
9	71
9	42
6	46
2	43
7	57
5	64
7	25
4	31
2	69
5	43
3	35
5	43
4	42
6	26
0	29
8	36
3	80
9	34
3	61
1	37
6	28
1	43
4	31
8	52
8	52
0	36
8	77
3	43
4	53
5	49
8	55
2	59
5	52
7	44
6	28
1	31
7	44
3	74
9	38
1	32
2	23
7	25
4	32
6	36
8	43
2	50
7	32
9	57
1	22
7	36
5	74
7	42
6	28
3	43
9	51
9	47
0	27
5	32
0	24
7	30
0	34
7	39
3	40
6	32
2	41
9	62
7	39
0	27
3	47
1	37
1	26
4	60
9	26
2	18
9	57
2	33
0	29
5	33
1	13
2	50
9	64
5	44
4	34
3	43
9	70
5	41
8	43
2	33
3	35
1	25
3	28
1	30
4	35
0	33
6	52
9	43
9	66
0	37
4	39
9	33
6	33
2	50
4	42
7	47
6	34
1	23
3	37
0	25
5	55
9	46
6	27
4	59
1	29
4	40
9	52
6	35
0	35
1	23
4	34
4	38
2	43
9	37
7	43
0	30
7	44
0	24
5	56
8	42
5	54
4	32
7	64
7	25
7	30
0	38
8	49
9	48
1	26
1	59
0	28
9	52
6	27
7	44
7	43
1	43
5	73
7	33
5	61
3	27
2	23
3	55
6	26
4	38
6	27
2	29
3	54
8	49
7	31
7	38
4	48
3	34
3	37
9	45
7	49
1	52
8	26
3	47
0	28
3	49
7	39
8	56
4	37
2	37
2	52
1	28
5	36
4	50
9	47
7	33
4	32
7	45
7	43
2	41
2	43
7	38
7	40
6	27
8	26
3	44
1	30
4	34
1	29
6	29
4	55
7	35
6	26
5	68
4	32
5	51
8	39
4	36
2	42
1	51
6	39
9	54
4	50
6	30
8	47
0	45
3	47
9	46
7	20
7	46
2	52
4	48
7	46
8	39
2	38
7	40
2	35
5	50
3	38
5	61
4	38
9	31
6	35
0	25
2	35
3	55
3	39
0	34
9	53
3	39
7	35
3	44
0	25
0	31
3	21
1	32
9	45
2	36
1	79
2	37
5	42
6	33
3	37
5	34
6	33
1	35
3	47
6	47
9	40
7	40
1	30
0	45
6	24
9	78
4	28
4	48
5	40
2	54
2	42
1	28
1	47
3	52
2	46
7	26
7	37
7	50
1	33
0	35
6	30
6	44
5	38
6	41
3	42
5	50
1	10
0	23
6	46
6	34
3	32
8	46
4	54
8	41
8	42
7	27
5	48
0	28
6	29
9	46
8	37
9	50
1	27
1	36
2	29
0	37
3	45
4	48
1	23
7	29
0	34
9	50
9	44
6	54
4	44
9	45
6	29
8	54
4	43
0	39
8	42
9	36
8	76
7	36
8	42
0	24
2	39
4	32
0	38
1	60
3	55
3	36
9	45
0	50
3	41
0	30
9	41
4	34
0	25
0	27
6	27
8	45
4	54
5	76
1	34
1	26
4	56
9	54
8	38
3	36
6	38
3	44
6	28
9	86
0	65
4	61
5	44
8	52
7	40
6	36
3	48
1	44
1	64
8	36
0	23
0	23
5	65
7	30
1	29
8	47
3	45
0	29
9	52
2	31
0	36
9	40
1	25
9	81
1	33
3	40
5	40
6	38
6	26
3	44
1	30
6	27
2	65
6	34
8	46
5	45
8	41
3	60
4	41
2	61
4	41
2	29
3	51
4	38
5	45
4	31
2	35
0	29
3	63
1	50
1	27
1	26
6	27
2	58
0	25
7	35
8	42
5	55
5	44
2	37
1	32
2	26
9	51
8	55
0	17
1	27
4	41
6	34
2	46
7	39
4	35
2	48
8	47
9	36
4	26
2	37
0	27
8	44
0	27
6	29
0	23
0	24
8	64
7	36
3	34
7	39
7	36
3	38
9	48
7	23
8	53
6	36
4	47
7	27
2	66
0	71
1	36
8	48
8	77
7	44
4	50
7	59
5	45
7	42
7	63
7	27
1	25
2	37
5	52
1	34
2	43
3	47
5	29
9	63
0	44
6	27
1	34
1	33
6	36
5	51
2	30
1	39
3	22
3	41
7	56
7	29
1	54
0	28
3	40
7	38
4	53
4	29
5	29
2	50
5	41
1	13
0	35
8	39
2	44
8	46
7	27
2	38
2	38
6	26
4	33
7	36
3	39
0	27
9	41
7	37
9	37
8	62
7	43
4	44
9	44
9	23
8	45
1	22
8	59
6	39
9	50
0	26
6	26
2	39
4	56
2	38
0	28
8	43
5	43
2	36
8	45
4	51
7	31
0	33
5	38
9	47
7	36
0	28
0	34
0	32
7	39
7	40
3	34
2	29
0	24
8	41
1	29
3	38
3	68
9	53
9	63
7	33
9	39
3	45
9	76
6	34
2	37
7	29
6	17
6	35
7	22
0	34
9	77
2	45
4	50
3	39
0	45
7	42
2	35
0	25
5	36
2	33
2	30
1	26
9	53
4	64
9	32
9	41
8	24
4	30
5	31
1	23
9	36
6	40
8	37
9	57
3	33
9	37
9	45
9	39
4	40
9	35
7	51
0	30
4	32
1	35
6	36
6	28
6	30
0	31
5	57
8	58
3	48
5	37
9	63
2	18
2	42
3	52
2	36
3	38
9	49
4	29
8	46
9	47
6	30
7	45
7	62
1	59
2	31
8	36
2	44
9	56
1	23
0	35
7	38
2	29
8	38
2	73
4	40
3	50
1	24
7	35
3	101
3	53
9	65
4	56
7	39
7	25
9	48
7	47
3	36
7	47
6	31
2	35
4	57
3	40
0	25
1	30
0	28
9	28
6	51
4	33
1	39
2	43
7	41
8	65
0	35
1	21
4	34
7	29
1	33
7	40
4	32
1	27
8	35
7	28
2	36
1	30
3	48
6	37
1	38
2	49
9	51
3	30
4	41
0	29
0	23
9	49
3	58
8	35
6	23
6	29
1	30
9	34
3	42
3	53
1	25
7	33
6	32
9	31
1	64
5	23
7	52
6	33
8	41
6	49
5	44
4	46
2	28
6	48
0	25
0	27
2	47
9	33
7	33
0	28
9	45
2	30
4	43
5	55
3	33
9	21
2	46
6	45
1	33
9	41
1	41
3	54
6	29
9	39
1	33
4	56
3	37
7	52
4	33
6	29
5	46
0	33
0	39
6	31
8	42
7	41
2	30
7	30
5	68
7	45
8	40
7	42
2	25
1	56
5	58
3	54
1	51
6	35
9	38
0	77
8	42
4	27
0	27
4	34
7	41
0	31
2	53
1	23
0	32
7	30
9	52
7	35
3	46
4	38
4	43
3	45
7	56
1	24
7	35
2	42
2	37
4	42
7	40
3	53
0	50
8	42
1	9
1	28
2	40
0	27
8	25
0	31
9	42
0	29
0	50
9	39
6	31
1	28
6	33
6	32
0	33
7	25
9	54
4	36
0	30
4	31
1	42
8	61
4	34
8	48
8	36
9	40
9	43
2	58
3	45
9	39
2	29
7	43
5	47
4	39
8	39
3	37
9	79
8	49
6	29
2	44
8	44
1	34
5	47
1	39
4	31
0	39
7	32
6	33
5	47
8	41
1	20
6	35
3	42
2	62
6	31
1	53
0	28
7	45
0	28
8	44
2	48
0	39
1	41
9	28
9	45
4	31
2	51
1	32
6	28
2	63
1	27
9	39
8	51
6	57
2	39
6	30
5	57
8	39
5	55
9	71
1	34
2	39
9	46
3	64
5	46
8	50
8	44
8	42
2	41
8	52
2	29
6	29
3	50
6	18
7	54
7	51
4	47
3	41
4	45
0	37
9	42
0	44
1	29
2	39
8	43
8	48
9	35
8	40
4	117
0	28
5	47
1	24
5	61
4	38
8	60
2	59
4	32
2	46
3	34
7	26
2	20
5	60
7	37
1	55
7	35
9	37
0	27
1	35
2	45
2	30
7	37
1	22
9	66
6	34
1	24
1	49
4	58
5	62
6	34
6	30
1	29
7	37
1	47
4	50
3	45
7	50
1	52
1	43
5	34
4	36
3	37
9	51
4	52
1	44
1	38
5	54
5	36
2	44
7	57
5	45
2	38
6	55
7	36
1	64
7	32
6	25
1	32
1	57
9	54
2	43
3	66
8	33
0	31
8	51
0	41
7	36
8	40
5	62
4	45
2	78
2	26
2	34
0	30
0	28
2	38
6	31
7	40
5	37
7	33
0	26
6	30
9	45
7	38
0	37
4	58
2	37
5	37
3	42
3	23
5	56
9	33
2	44
0	60
1	29
3	43
8	40
0	34
8	41
7	35
9	25
0	40
7	120
8	29
9	44
2	27
8	40
2	51
0	25
0	27
0	27
6	35
8	56
9	52
2	52
7	32
2	36
3	43
4	47
9	44
3	36
1	24
6	27
4	40
9	55
0	43
0	28
1	56
6	24
2	38
3	46
3	46
6	35
7	42
3	32
2	39
4	27
1	25
3	44
4	39
1	51
7	41
7	55
0	34
7	57
2	56
8	55
9	54
5	55
5	48
4	31
8	35
7	35
4	34
0	48
0	30
3	57
3	59
3	28
3	54
8	45
6	34
4	35
6	26
7	29
9	42
4	32
2	38
2	31
7	41
9	51
1	51
3	37
3	43
2	25
1	44
1	23
7	36
8	33
4	28
1	40
4	60
7	33
3	36
5	66
5	43
6	32
2	42
2	26
0	62
2	47
5	40
8	46
1	26
7	31
4	55
9	61
7	39
3	40
8	60
9	51
9	55
3	42
2	75
8	39
0	32
4	58
9	33
4	55
5	50
4	35
8	48
7	32
0	34
5	45
1	30
6	28
1	30
6	40
0	38
8	52
4	28
3	40
1	10
7	22
7	42
1	39
0	32
5	42
1	41
0	28
8	35
1	43
4	43
0	56
1	32
1	56
5	57
3	43
7	39
6	27
6	41
0	28
2	43
2	45
8	35
6	26
2	29
2	50
9	54
1	77
6	37
3	61
2	33
8	42
9	45
6	55
8	47
5	55
0	51
7	41
6	35
1	35
9	50
4	34
2	70
3	38
3	48
0	50
4	34
7	38
5	71
1	31
3	48
5	26
0	25
4	55
2	45
2	57
3	34
8	28
2	50
2	33
3	59
9	51
0	25
1	31
1	48
2	53
6	35
8	63
1	24
3	46
5	60
4	74
6	31
7	48
7	37
0	32
3	65
6	32
0	32
5	72
9	46
1	25
7	21
4	52
2	28
6	29
9	54
8	46
5	45
1	45
2	31
2	29
5	36
6	27
6	36
7	19
1	51
2	54
8	43
0	24
8	57
3	45
6	40
5	37
4	42
6	24
1	36
6	57
4	49
1	33
2	55
4	35
5	40
1	27
5	30
4	45
1	37
0	27
9	50
8	57
5	52
9	48
6	29
3	33
3	46
0	29
9	32
7	32
5	25
1	26
6	30
7	45
7	47
2	36
9	46
6	33
8	43
3	58
2	32
0	30
5	39
9	39
0	28
6	19
6	33
3	67
2	33
6	34
9	28
9	77
0	27
3	37
5	39
9	72
2	38
7	48
7	35
3	62
2	55
6	26
5	67
7	37
7	33
9	26
6	33
2	30
8	45
5	34
7	49
5	43
2	47
6	33
7	38
1	24
7	37
6	37
6	61
1	24
1	27
5	52
2	23
8	52
4	49
8	40
1	62
1	54
5	64
7	38
0	36
9	38
5	51
5	39
0	25
2	37
2	33
9	44
6	24
7	34
0	28
5	56
2	74
5	43
3	34
8	54
2	42
9	37
9	43
5	42
5	61
9	56
7	38
5	41
9	40
9	40
5	52
1	28
5	34
4	32
8	44
4	33
1	38
3	66
8	41
4	39
8	59
8	47
7	37
3	38
8	39
4	33
4	37
7	37
2	56
4	56
7	53
1	34
4	37
7	46
1	48
8	37
3	28
0	29
4	35
2	56
2	45
9	45
2	48
1	14
3	37
8	66
9	41
7	23
5	40
6	30
2	38
0	30
3	34
1	25
7	34
8	56
6	35
8	54
2	50
7	37
6	26
4	32
9	44
2	42
9	41
9	42
7	33
1	34
4	34
1	21
0	19
0	36
3	65
1	49
9	36
9	36
5	40
7	38
3	53
2	30
6	38
2	40
4	40
1	10
5	36
5	51
6	34
8	33
2	49
0	35
2	20
0	42
5	37
1	48
0	29
5	36
0	35
4	60
5	47
5	40
5	49
8	63
0	54
2	54
5	56
1	33
9	51
3	56
2	49
1	56
9	43
9	47
6	34
3	53
5	34
4	39
8	39
0	57
8	40
3	51
8	35
2	36
7	50
4	32
4	38
4	33
5	43
2	62
0	27
3	30
9	39
0	29
7	46
5	68
6	33
8	72
1	26
4	31
1	25
3	39
5	59
7	32
8	52
5	47
8	43
7	51
8	60
9	53
1	32
2	41
6	26
9	62
6	29
5	64
7	43
6	31
6	34
7	30
0	36
3	59
2	33
5	39
5	37
1	69
4	51
7	36
2	57
6	26
9	28
6	38
4	62
7	39
0	24
4	47
8	49
1	10
4	41
9	62
8	41
9	38
0	26
0	40
1	87
8	49
5	53
9	48
6	32
3	54
8	43
1	17
1	57
6	31
0	49
5	62
9	43
1	35
9	49
4	33
2	34
5	62
7	43
1	43
5	37
4	33
1	69
6	30
8	44
6	35
0	30
1	22
3	46
7	42
2	21
7	41
2	20
4	31
9	41
6	35
4	57
4	40
7	56
9	51
3	45
1	16
7	44
4	63
8	43
5	43
3	38
8	45
0	26
2	40
5	44
0	29
0	32
9	47
5	26
2	44
7	37
5	41
0	32
9	49
8	52
0	24
5	47
5	46
2	57
5	30
7	35
0	30
8	59
8	39
7	34
1	22
0	26
2	30
8	39
4	48
5	46
4	44
7	28
8	38
8	35
8	45
4	35
6	21
1	26
0	26
7	47
0	33
3	46
4	33
1	24
4	41
0	37
5	43
8	42
7	38
9	50
6	25
5	33
8	72
7	49
7	21
0	28
6	26
9	25
0	27
8	46
9	44
6	42
7	36
3	40
2	36
6	31
4	33
1	55
3	40
1	31
5	43
3	44
0	31
1	58
3	42
3	69
0	33
8	69
9	49
2	35
4	35
9	40
5	58
3	62
6	92
7	38
2	40
2	37
2	25
2	42
1	19
2	44
3	46
4	41
7	49
7	54
8	40
1	38
6	34
6	29
7	47
2	27
7	43
0	29
9	61
6	34
7	37
6	30
7	39
8	36
0	29
2	65
9	41
0	29
4	54
9	50
5	50
6	20
1	50
9	68
4	43
0	29
7	37
9	47
6	28
3	33
9	40
3	42
7	42
6	27
5	55
1	37
1	27
5	43
9	43
2	38
5	50
0	27
5	46
6	16
0	32
0	20
3	55
5	62
4	52
4	29
4	32
0	31
5	45
7	21
0	26
8	42
6	30
0	34
0	33
4	34
7	61
0	37
6	33
5	61
2	51
0	29
6	31
2	44
8	42
7	41
0	37
1	44
3	40
5	54
9	73
6	34
4	34
4	43
1	97
5	43
6	29
4	33
4	35
3	39
8	66
8	40
9	44
6	42
6	30
4	42
5	44
6	28
7	32
5	43
5	43
2	22
9	44
7	42
6	31
9	62
3	40
0	36
4	41
3	37
4	31
6	30
7	47
9	44
3	44
1	24
6	56
4	29
2	34
6	28
3	43
3	43
8	66
9	73
0	30
4	50
8	53
0	41
5	66
8	35
0	31
5	36
1	46
2	24
1	41
4	31
8	45
1	50
4	52
2	31
6	31
0	28
6	47
8	39
0	27
2	29
3	43
0	31
6	32
8	44
4	32
9	66
4	51
5	38
9	63
9	52
4	42
5	26
7	35
1	28
3	43
6	26
7	43
1	63
8	42
9	39
4	37
6	31
2	39
9	38
6	45
9	32
5	55
1	60
7	48
4	58
3	55
0	47
0	30
8	40
3	48
7	43
0	42
4	34
9	42
4	27
0	29
1	28
6	37
8	39
1	30
8	54
6	26
9	38
3	44
0	36
2	29
0	27
4	42
6	40
8	45
2	35
3	23
1	27
6	50
6	40
4	50
4	43
2	33
4	32
0	27
5	49
9	72
4	36
5	45
1	55
6	25
1	30
1	21
3	19
0	24
4	35
2	54
6	30
0	26
3	35
0	35
4	33
8	44
2	47
6	37
7	32
7	38
4	47
2	36
0	25
9	52
4	47
0	43
9	30
2	61
5	53
0	35
4	47
2	31
1	73
9	41
9	52
3	35
1	50
0	45
2	54
7	48
9	36
1	25
3	70
7	39
4	53
7	37
1	27
9	53
0	28
3	57
2	37
6	33
6	37
6	30
2	42
4	35
9	32
6	34
2	34
8	52
5	36
5	54
4	49
7	38
8	45
6	25
2	38
0	34
5	46
8	40
0	70
6	36
3	53
4	51
4	38
0	26
6	27
1	58
3	38
0	28
8	48
4	37
6	28
0	27
7	40
8	37
2	30
3	35
3	47
9	50
8	46
1	22
5	53
4	39
6	37
3	40
4	46
4	59
1	60
4	25
0	27
3	37
3	61
9	29
4	39
4	45
3	35
8	43
2	32
7	36
3	27
3	48
8	44
4	46
2	33
5	31
2	55
8	59
3	47
8	33
8	26
2	34
8	44
3	44
9	48
0	29
6	32
8	38
1	11
0	56
2	56
0	33
1	35
6	29
1	10
7	36
9	55
2	38
9	46
1	21
6	28
5	45
3	51
6	39
2	40
0	49
0	27
0	40
6	28
9	28
7	34
6	31
5	42
4	39
3	35
7	37
2	32
5	50
8	42
8	42
6	32
5	61
7	28
4	42
0	25
6	35
0	40
3	33
6	31
3	49
0	26
9	27
6	31
2	51
6	30
3	65
7	36
8	33
8	39
1	55
0	24
5	58
0	33
1	48
6	32
2	45
9	54
3	36
8	41
4	37
4	48
9	69
5	52
1	32
0	63
3	44
5	61
7	56
1	39
1	47
2	37
4	30
2	33
7	41
9	41
9	55
4	39
2	41
1	18
6	28
0	56
4	49
3	45
4	43
0	24
1	65
5	46
0	38
8	38
9	59
2	32
5	46
0	25
5	69
5	59
6	27
2	30
4	45
1	40
6	26
3	46
9	47
0	30
7	31
5	58
6	43
7	42
7	34
8	43
7	34
2	37
4	54
4	34
2	44
8	48
8	161
5	56
0	32
6	35
8	61
0	23
5	39
7	47
5	36
6	27
1	52
0	28
2	55
2	49
5	42
2	29
7	31
9	62
9	38
1	26
2	47
0	36
7	36
1	38
8	35
9	46
7	38
1	40
7	43
1	26
5	60
3	43
7	29
7	30
0	24
1	19
2	36
3	56
8	47
7	48
2	46
9	27
9	48
4	31
6	37
4	55
7	46
1	19
9	36
2	36
0	64
1	24
8	34
8	45
1	25
7	39
2	42
1	14
6	28
8	39
6	29
4	35
5	53
7	45
0	33
1	54
7	52
6	28
9	49
5	52
1	63
1	47
0	33
5	45
0	36
5	30
1	13
5	39
5	47
5	81
6	26
6	23
5	31
9	47
8	36
9	42
7	39
4	54
1	29
7	50
2	29
1	29
7	37
5	71
9	45
9	51
3	39
2	51
0	33
1	57
2	34
2	38
3	40
6	29
6	33
8	45
9	45
8	35
5	48
3	46
2	45
3	42
0	33
1	21
1	40
9	46
5	48
3	35
3	43
3	51
0	28
9	40
6	40
6	31
2	57
8	57
2	50
3	54
4	31
7	44
6	30
5	29
6	58
6	32
5	49
0	36
3	50
8	45
4	29
2	61
6	35
4	57
0	27
3	55
6	47
7	31
8	40
8	54
0	46
0	37
4	29
2	22
7	31
0	36
2	38
4	43
2	32
3	47
0	29
6	33
4	37
5	56
9	37
4	35
0	28
3	41
6	34
3	38
6	44
5	31
1	9
2	33
8	56
4	37
4	39
4	32
1	27
2	33
7	30
2	40
6	27
1	49
1	23
7	34
6	19
8	45
4	40
1	23
7	37
7	34
1	27
4	36
6	28
3	33
1	24
5	39
4	35
1	54
3	47
9	42
1	34
4	41
2	47
5	29
9	57
6	27
9	56
9	58
9	41
9	35
2	38
7	40
2	43
8	64
2	30
7	39
1	30
7	24
5	36
5	30
9	28
5	30
5	67
7	29
1	44
2	49
7	37
5	69
7	50
7	31
5	53
1	50
5	46
6	29
9	56
8	45
6	28
0	20
9	41
8	46
8	51
1	28
3	40
9	57
9	42
6	30
8	42
0	26
7	36
6	32
0	27
0	34
1	43
1	24
9	74
4	40
9	38
7	37
9	46
9	50
0	29
0	32
0	34
9	77
6	31
0	37
2	56
7	30
2	26
5	59
6	32
5	27
7	44
0	27
5	46
9	65
8	38
1	33
7	34
8	34
2	45
8	57
5	57
8	47
8	42
5	46
0	37
2	28
4	29
3	52
6	33
1	36
8	46
8	65
4	31
9	66
2	50
6	75
9	35
9	51
4	39
4	41
6	43
3	43
8	36
5	40
6	31
7	30
9	55
4	43
7	38
3	54
8	39
4	35
5	50
5	50
9	38
3	34
1	38
0	33
6	32
3	62
6	27
4	34
0	30
3	39
3	41
7	31
1	54
5	37
9	34
2	40
8	60
8	51
7	30
3	49
3	55
8	51
0	27
1	75
2	42
1	36
4	48
7	27
7	20
1	25
5	52
4	41
1	43
7	53
8	40
9	48
1	45
7	34
4	30
4	46
7	39
2	41
9	29
7	40
1	63
5	46
7	49
3	39
4	29
9	48
2	34
9	56
3	56
3	43
8	49
7	38
2	37
8	54
0	17
5	35
7	43
0	25
5	47
1	22
3	39
4	36
3	30
8	43
0	34
6	34
1	59
0	24
3	52
0	27
5	51
5	69
0	38
3	40
8	35
1	36
8	34
4	51
0	22
2	51
2	37
3	33
7	39
8	40
3	47
7	52
8	32
3	38
6	49
5	44
1	54
5	39
4	38
0	26
4	41
7	51
2	55
1	32
8	44
4	35
0	64
1	19
6	39
5	40
9	54
8	40
6	71
8	50
5	50
5	44
1	40
1	28
4	62
0	45
9	40
4	66
2	42
6	34
5	56
3	39
6	19
8	43
4	31
3	64
7	35
6	30
6	43
9	43
2	33
6	29
8	56
1	62
1	27
8	31
7	43
0	35
9	45
0	28
7	44
0	44
1	18
6	43
9	44
5	44
1	33
3	61
0	28
4	63
1	27
0	32
5	29
5	48
4	48
5	38
5	41
5	42
3	40
8	42
1	25
2	46
7	52
2	18
1	48
5	52
4	50
0	34
7	32
0	31
6	28
3	43
5	45
1	13
3	45
7	48
1	33
8	38
0	53
6	39
6	28
4	33
7	41
7	31
7	35
1	16
5	32
7	41
4	60
0	28
7	43
5	57
1	28
3	32
2	45
0	35
4	46
4	49
6	42
9	51
8	50
0	36
4	38
5	68
8	49
2	26
3	34
0	28
3	39
0	32
2	35
3	37
2	41
4	52
9	35
4	51
5	36
0	38
5	39
2	58
0	30
8	56
7	34
3	50
8	35
3	62
5	28
5	50
4	62
0	35
4	33
6	36
0	38
4	61
3	45
9	73
0	43
2	38
8	51
9	64
4	54
7	32
8	36
0	35
9	41
9	49
4	57
1	42
5	34
7	30
6	36
1	47
4	48
2	27
7	51
5	42
0	25
6	29
4	48
3	36
5	60
6	32
1	26
8	47
4	35
8	46
2	45
2	34
1	31
5	73
0	33
9	41
2	27
4	29
6	34
8	44
1	43
5	40
5	42
3	76
1	30
6	30
1	29
0	37
2	24
3	66
9	49
6	34
2	29
3	41
5	37
7	40
8	51
9	46
4	37
5	44
0	22
3	34
9	69
4	39
4	59
0	37
6	24
3	54
4	47
3	40
5	34
8	40
4	42
1	36
9	56
1	25
9	40
6	26
3	49
9	70
6	47
9	36
8	50
3	58
1	35
1	29
0	24
9	50
3	43
3	37
7	48
0	41
6	34
5	44
9	45
8	25
8	59
0	27
3	46
9	50
7	37
0	30
9	52
1	60
4	36
1	36
8	42
6	27
9	50
2	63
2	25
1	53
9	43
8	52
3	46
3	41
0	35
5	53
9	51
7	47
8	43
0	37
5	42
2	41
4	68
2	43
9	44
4	28
8	54
3	55
9	36
2	47
3	37
0	59
4	31
5	53
7	24
5	34
2	15
1	41
3	38
8	42
8	36
4	33
4	41
0	28
1	26
8	51
0	47
0	61
9	38
4	29
4	33
5	33
6	29
3	40
0	30
7	44
4	41
5	39
0	29
3	58
6	31
3	50
4	72
7	35
7	43
9	36
1	34
0	24
5	44
8	32
6	38
4	30
1	31
6	26
7	36
8	45
3	41
1	43
9	42
2	33
8	47
2	62
4	44
1	15
9	61
0	29
0	29
2	29
7	54
7	27
3	32
8	47
3	39
6	68
4	56
5	46
0	29
5	35
5	42
4	34
8	66
5	31
3	43
8	38
1	44
4	31
1	40
9	63
0	36
7	46
2	37
6	48
5	49
1	36
6	29
3	46
4	42
9	48
7	35
0	27
1	60
3	38
9	51
8	56
8	41
4	31
8	42
7	57
8	126
3	20
8	39
4	38
1	27
2	48
6	28
9	72
3	54
9	45
2	36
0	28
1	21
2	41
2	47
5	41
2	49
6	37
3	45
5	59
8	43
0	28
0	30
8	48
8	44
2	30
1	48
4	29
1	9
4	45
0	23
9	52
4	41
0	37
4	34
7	46
1	45
9	52
4	38
6	39
1	36
0	29
1	15
8	51
8	49
3	40
1	41
1	36
4	37
2	44
3	38
1	22
4	46
4	39
4	38
7	44
4	58
8	41
1	26
0	35
3	31
4	45
1	24
4	33
2	43
3	45
9	74
9	41
2	44
2	27
8	43
1	52
1	27
9	44
3	48
8	40
3	45
3	41
3	33
2	23
7	55
5	49
1	41
3	42
4	55
2	28
5	37
4	30
8	44
0	41
2	33
5	42
5	38
9	69
7	31
6	33
9	41
2	34
7	37
7	30
4	62
4	43
0	35
2	42
3	38
9	48
7	41
4	37
8	37
4	52
1	23
7	31
4	51
4	37
0	31
3	57
1	37
8	40
6	38
2	27
0	27
4	37
0	41
8	40
4	38
7	51
8	34
9	72
6	24
1	31
5	43
8	41
1	28
4	30
4	35
9	48
1	28
0	28
4	53
5	46
4	36
3	37
5	31
2	35
9	62
4	37
7	39
7	29
6	32
6	35
7	32
2	41
5	47
9	45
5	43
8	35
3	42
2	31
7	40
0	24
9	30
4	46
5	32
9	52
8	35
6	24
8	43
2	28
6	62
0	32
1	27
8	39
4	33
5	46
7	41
1	34
0	31
1	28
6	29
6	32
7	34
5	34
1	27
7	36
6	28
3	32
4	51
2	50
3	46
6	30
6	44
7	39
1	54
6	30
9	31
8	41
5	31
3	47
6	29
0	33
0	28
8	55
9	47
3	39
7	32
7	32
5	43
4	31
1	27
3	58
1	19
2	43
8	47
4	38
7	45
3	43
8	52
6	34
4	53
6	26
7	29
2	74
9	25
4	49
1	24
4	54
0	33
6	29
4	28
3	35
6	30
3	37
9	51
1	21
7	54
0	23
7	37
8	37
6	36
3	41
8	44
8	35
3	36
9	51
6	37
0	40
2	48
0	36
5	44
0	44
7	35
1	47
6	30
6	35
1	24
7	40
5	31
6	38
2	40
9	67
6	30
0	33
2	48
9	44
2	31
7	29
4	29
2	53
2	66
4	31
0	33
9	48
2	32
1	13
6	28
5	26
4	34
2	39
7	36
1	24
0	29
0	36
1	39
3	53
8	42
3	55
2	45
9	53
4	41
7	35
9	45
3	35
1	23
6	34
4	28
6	38
2	39
4	33
3	39
1	29
7	30
5	44
9	45
1	28
4	63
0	33
0	31
3	40
5	30
0	24
2	42
6	22
8	40
8	41
7	39
4	41
4	40
5	42
0	28
2	53
7	32
4	32
3	38
8	49
3	44
0	26
1	22
8	41
5	54
6	25
2	34
2	41
7	42
0	34
8	68
4	43
7	44
4	50
7	32
8	38
5	71
0	32
9	45
9	40
7	50
5	40
9	48
7	55
7	48
5	35
7	35
9	38
7	37
5	55
9	27
7	36
2	18
1	21
2	34
8	44
0	31
2	42
8	38
0	37
8	56
2	65
0	24
4	38
2	17
5	63
6	31
3	45
7	37
1	31
1	50
2	60
9	48
8	54
2	42
6	42
7	32
4	47
6	28
6	38
9	52
5	56
4	35
2	29
7	29
5	54
8	39
8	41
2	46
1	48
3	52
5	33
9	61
9	49
8	35
4	45
8	41
3	53
7	36
7	29
8	56
9	32
7	51
6	32
0	28
1	23
9	34
5	44
0	30
6	31
0	30
0	38
3	48
4	59
2	47
0	33
3	43
2	29
2	59
5	34
8	47
6	39
5	36
3	39
2	46
6	31
4	46
5	63
7	37
6	39
8	54
1	35
2	25
1	64
3	20
9	32
4	51
5	42
1	25
7	29
4	34
7	37
0	44
6	28
5	45
1	23
1	35
6	30
5	37
4	31
2	47
5	26
9	63
2	42
7	30
4	36
7	62
5	42
7	55
4	40
5	53
6	27
1	26
8	73
2	37
9	40
9	48
4	31
1	12
1	28
6	27
7	35
2	19
6	32
5	45
8	59
7	45
6	33
9	49
6	32
0	41
4	31
9	78
8	31
9	32
7	32
1	21
1	28
2	44
5	40
9	52
3	40
4	35
6	31
7	54
0	26
7	46
0	49
9	49
2	45
2	44
8	24
6	31
8	62
9	42
5	52
3	40
1	63
2	35
9	40
9	62
8	62
4	33
6	34
5	57
2	38
7	48
3	36
7	56
2	46
0	29
7	48
7	28
5	44
4	38
6	26
1	29
3	45
6	27
7	44
7	40
4	38
2	24
3	50
5	41
3	70
6	33
9	42
1	30
3	43
1	35
1	24
9	43
2	15
1	27
0	42
1	29
9	41
4	52
5	47
9	63
7	45
6	34
2	52
7	121
1	57
4	46
0	25
5	27
9	102
9	47
8	68
7	41
7	40
6	28
4	58
7	41
2	17
4	37
2	30
4	35
5	61
5	52
9	47
6	26
5	65
8	69
5	45
8	40
8	43
4	53
3	55
9	48
5	42
8	43
4	35
8	55
7	39
0	46
0	43
2	28
2	35
0	38
3	39
6	45
6	52
4	27
8	51
4	55
0	30
1	18
7	62
2	26
3	48
6	27
9	67
2	35
4	35
6	44
5	28
5	38
8	50
3	41
1	37
5	28
0	27
2	32
8	57
4	56
2	44
5	44
9	49
7	31
1	11
0	46
0	38
8	39
4	45
9	41
3	43
3	59
3	40
2	37
8	45
3	45
0	37
6	28
9	38
2	60
9	52
6	31
4	34
3	72
4	35
3	48
6	32
3	36
0	35
4	49
7	32
5	32
2	27
8	64
7	37
6	25
0	36
4	31
2	17
3	37
4	48
5	40
9	46
0	37
6	27
9	51
1	24
2	46
8	37
1	44
0	26
8	39
4	49
3	52
5	36
8	41
9	41
5	37
8	41
5	48
2	62
3	34
6	20
2	31
8	44
4	28
1	54
2	26
1	43
2	46
4	41
8	43
1	56
9	35
7	36
0	30
6	35
8	38
6	27
7	34
6	27
7	38
0	27
9	21
7	36
3	39
3	36
2	26
6	38
0	30
6	27
7	32
6	24
3	48
0	33
2	42
7	44
2	33
3	35
8	54
5	31
6	32
8	45
4	54
0	49
7	42
7	46
2	39
8	60
0	32
5	54
6	36
9	46
5	35
2	39
2	36
9	33
1	46
9	38
2	43
3	37
0	30
4	35
1	40
5	50
2	50
0	29
1	22
4	33
0	27
3	45
9	63
6	53
7	32
1	23
2	40
3	35
6	31
7	57
6	21
5	45
8	43
5	55
6	33
2	63
2	32
3	34
6	26
6	26
6	31
7	36
7	31
2	34
4	29
9	56
6	24
4	50
0	28
8	56
4	31
8	38
7	35
8	39
5	70
7	42
4	71
2	50
6	36
7	68
7	36
2	51
3	46
6	26
2	44
3	47
7	37
6	38
7	46
2	44
8	57
2	39
9	53
7	28
2	41
3	44
0	30
7	47
2	44
1	30
9	38
0	32
3	47
7	35
6	27
0	35
8	42
1	26
5	39
2	40
9	48
5	40
3	43
9	46
8	35
5	52
2	41
9	27
2	31
5	54
1	31
6	27
8	38
3	66
2	33
8	46
9	48
7	40
0	35
1	45
2	50
0	35
0	32
8	40
3	27
5	50
7	35
0	29
9	34
9	33
7	47
9	59
1	26
4	47
1	59
2	38
5	39
9	45
0	31
2	45
4	53
6	39
1	31
0	30
0	28
9	43
4	33
0	23
7	31
7	24
6	30
5	28
2	43
5	47
1	75
2	31
9	37
5	65
4	45
5	48
8	74
8	55
9	45
7	48
5	47
9	45
1	57
6	22
7	56
7	40
7	42
8	44
5	34
3	34
2	43
3	38
6	30
0	27
1	24
9	45
8	31
0	28
7	37
2	24
1	25
5	42
1	25
1	28
4	39
0	25
7	33
7	30
4	46
9	33
5	58
5	56
1	15
4	39
4	38
3	38
3	40
9	27
2	45
7	50
7	36
1	22
4	31
0	30
3	56
5	59
6	26
0	29
8	41
4	46
0	26
8	38
5	47
6	50
5	54
7	30
3	39
0	26
4	57
1	28
5	26
7	33
3	67
2	31
6	27
6	33
7	44
7	44
1	40
2	37
2	17
6	28
9	40
0	26
7	41
8	41
1	60
0	35
4	48
1	33
7	36
8	39
3	51
9	49
2	39
7	47
0	26
1	26
8	44
6	63
2	35
8	56
5	55
6	27
9	53
7	37
7	33
4	38
4	41
5	55
0	32
8	42
7	36
7	35
0	46
2	30
3	38
7	41
6	26
4	45
8	44
3	40
1	55
3	22
6	30
2	42
9	44
3	38
7	38
8	59
5	32
6	30
4	31
9	31
1	26
3	46
0	26
3	32
4	38
3	44
0	25
2	57
7	42
9	44
0	51
7	41
7	37
3	39
5	65
5	43
3	44
7	27
2	46
3	21
1	18
7	36
7	36
8	42
4	30
0	31
6	49
7	30
4	37
0	25
0	37
5	49
1	53
7	34
1	11
1	40
6	34
6	37
8	52
8	47
9	46
9	43
8	59
7	40
3	20
4	29
4	58
4	61
3	42
9	36
2	68
4	35
3	56
1	26
2	37
3	45
3	38
1	38
0	45
1	33
6	29
3	45
4	32
6	37
7	32
3	50
4	33
5	37
8	45
2	31
7	36
6	33
0	25
9	47
6	33
0	39
1	41
7	36
1	16
8	41
9	79
8	83
7	34
1	29
5	30
4	59
4	53
8	75
1	28
4	47
1	47
6	32
6	35
0	34
3	43
5	38
7	40
2	75
7	40
5	38
4	42
1	25
2	66
0	35
1	57
9	54
0	27
2	36
6	50
4	54
8	46
9	55
3	43
3	52
0	30
3	53
5	29
9	56
4	33
3	36
0	44
3	57
7	35
7	49
0	36
3	45
3	46
3	57
1	14
1	59
1	67
3	46
6	29
8	44
4	32
2	51
7	43
6	27
4	58
1	34
9	72
2	29
6	41
3	22
9	56
0	27
5	30
4	40
5	44
1	62
7	48
