0	45
0	45
0	45
1	45
1	45
1	45
2	45
2	45
2	45
3	45
3	45
3	45
4	45
4	45
4	45
5	45
5	45
5	45
6	45
6	45
6	45
7	45
7	45
7	45
8	45
8	45
8	45
9	45
9	45
9	45
10	45
10	45
10	45
11	45
11	45
11	45
12	45
12	45
12	45
13	45
13	45
13	45
14	45
14	45
14	45
0	45
0	45
0	45
0	45
0	45
0	45
0	45
0	45
0	45
0	45
0	45
0	45
0	45
0	45
0	45
0	45
0	45
0	45
1	45
1	45
1	45
1	45
1	45
1	45
1	45
1	45
1	45
1	45
1	45
1	45
1	45
1	45
1	45
1	45
1	45
1	45
2	45
2	45
2	45
2	45
2	45
2	45
2	45
2	45
2	45
2	45
2	45
2	45
2	45
2	45
2	45
2	45
2	45
2	45
3	45
3	45
3	45
3	45
3	45
3	45
3	45
3	45
3	45
3	45
3	45
3	45
3	45
3	45
3	45
3	45
3	45
3	45
4	45
4	45
4	45
4	45
4	45
4	45
4	45
4	45
4	45
4	45
4	45
4	45
4	45
4	45
4	45
4	45
4	45
4	45
5	45
5	45
5	45
5	45
5	45
5	45
5	45
5	45
5	45
5	45
5	45
5	45
5	45
5	45
5	45
5	45
5	45
5	45
6	45
6	45
6	45
6	45
6	45
6	45
6	45
6	45
6	45
6	45
6	45
6	45
6	45
6	45
6	45
6	45
6	45
6	45
7	45
7	45
7	45
7	45
7	45
7	45
7	45
7	45
7	45
7	45
7	45
7	45
7	45
7	45
7	45
7	45
7	45
7	45
8	45
8	45
8	45
8	45
8	45
8	45
8	45
8	45
8	45
8	45
8	45
8	45
8	45
8	45
8	45
8	45
8	45
8	45
9	45
9	45
9	45
9	45
9	45
9	45
9	45
9	45
9	45
9	45
9	45
9	45
9	45
9	45
9	45
9	45
9	45
9	45
10	45
10	45
10	45
10	45
10	45
10	45
10	45
10	45
10	45
10	45
10	45
10	45
10	45
10	45
10	45
10	45
10	45
10	45
11	45
11	45
11	45
11	45
11	45
11	45
11	45
11	45
11	45
11	45
11	45
11	45
11	45
11	45
11	45
11	45
11	45
11	45
12	45
12	45
12	45
12	45
12	45
12	45
12	45
12	45
12	45
12	45
12	45
12	45
12	45
12	45
12	45
12	45
12	45
12	45
13	45
13	45
13	45
13	45
13	45
13	45
13	45
13	45
13	45
13	45
13	45
13	45
13	45
13	45
13	45
13	45
13	45
13	45
14	45
14	45
14	45
14	45
14	45
14	45
14	45
14	45
14	45
14	45
14	45
14	45
14	45
14	45
14	45
14	45
14	45
14	45
0	45
0	45
0	45
1	45
1	45
1	45
2	45
2	45
2	45
3	45
3	45
3	45
4	45
4	45
4	45
5	45
5	45
5	45
6	45
6	45
6	45
7	45
7	45
7	45
8	45
8	45
8	45
9	45
9	45
9	45
10	45
10	45
10	45
11	45
11	45
11	45
12	45
12	45
12	45
13	45
13	45
13	45
14	45
14	45
14	45
