0	44	0	0
0	43	0	0
1	44	0	1
1	48	0	1
2	22	0	2
2	23	0	2
3	46	0	3
3	42	0	3
4	36	0	4
4	35	0	4
5	48	0	5
5	49	0	5
6	49	0	6
6	53	0	6
7	38	0	7
7	41	0	7
8	20	0	8
8	18	0	8
9	30	0	9
9	30	0	9
10	56	0	10
10	63	0	10
11	22	0	11
11	20	0	11
12	50	0	12
12	48	0	12
13	34	0	13
13	38	0	13
14	30	0	14
14	29	0	14
15	48	0	15
15	49	0	15
16	47	0	16
16	45	0	16
17	34	0	17
17	34	0	17
18	34	0	18
18	37	0	18
19	43	0	19
19	44	0	19
20	28	0	20
20	30	0	20
21	29	0	21
21	30	0	21
22	66	0	22
22	70	0	22
23	41	0	23
23	40	0	23
24	37	0	24
24	45	0	24
25	57	0	25
25	57	0	25
0	54	0	26
0	60	0	26
1	77	0	27
1	79	0	27
2	24	0	28
2	26	0	28
3	56	0	29
3	63	0	29
4	63	0	30
4	140	0	30
5	63	0	31
5	72	0	31
6	43	0	32
6	38	0	32
7	73	0	33
7	66	0	33
8	25	0	34
8	22	0	34
9	31	0	35
9	41	0	35
10	70	0	36
10	61	0	36
11	29	0	37
11	26	0	37
12	64	0	38
12	61	0	38
13	55	0	39
13	59	0	39
14	33	0	40
14	30	0	40
15	53	0	41
15	57	0	41
16	51	0	42
16	49	0	42
17	60	0	43
17	62	0	43
18	38	0	44
18	37	0	44
19	47	0	45
19	55	0	45
20	32	0	46
20	36	0	46
21	31	0	47
21	42	0	47
22	71	0	48
22	80	0	48
23	46	0	49
23	54	0	49
24	47	0	50
24	45	0	50
25	61	0	51
25	66	0	51
14	33	0	52
14	35	0	52
26	38	0	53
26	34	0	53
27	36	0	54
27	37	0	54
28	53	0	55
28	51	0	55
29	48	0	56
29	45	0	56
30	44	0	57
30	37	0	57
31	40	0	58
31	33	0	58
32	49	0	59
32	45	0	59
33	62	0	60
33	58	0	60
34	48	0	61
34	53	0	61
0	54	0	0
0	51	0	0
1	48	0	1
1	48	0	1
2	27	0	2
2	22	0	2
3	45	0	3
3	44	0	3
4	36	0	4
4	39	0	4
5	44	0	5
5	38	0	5
6	49	0	6
6	51	0	6
7	42	0	7
7	41	0	7
8	32	0	8
8	28	0	8
9	35	0	9
9	33	0	9
10	54	0	10
10	55	0	10
11	42	0	11
11	42	0	11
12	61	0	12
12	61	0	12
13	45	0	13
13	43	0	13
14	40	0	14
14	42	0	14
15	51	0	15
15	48	0	15
16	69	0	16
16	62	0	16
17	37	0	17
17	36	0	17
18	40	0	18
18	40	0	18
19	42	0	19
19	38	0	19
20	49	0	20
20	49	0	20
21	41	0	21
21	35	0	21
22	58	0	22
22	57	0	22
23	40	0	23
23	36	0	23
24	47	0	24
24	31	0	24
25	55	0	25
25	50	0	25
0	74	0	26
0	60	0	26
1	77	0	27
1	77	0	27
2	29	0	28
2	25	0	28
3	55	0	29
3	52	0	29
4	60	0	30
4	54	0	30
5	60	0	31
5	54	0	31
6	49	0	32
6	48	0	32
7	62	0	33
7	57	0	33
8	30	0	34
8	21	0	34
9	52	0	35
9	47	0	35
10	60	0	36
10	55	0	36
11	31	0	37
11	32	0	37
12	75	0	38
12	68	0	38
13	62	0	39
13	63	0	39
14	43	0	40
14	42	0	40
15	52	0	41
15	51	0	41
16	64	0	42
16	56	0	42
17	67	0	43
17	64	0	43
18	43	0	44
18	42	0	44
19	44	0	45
19	43	0	45
20	45	0	46
20	42	0	46
21	42	0	47
21	39	0	47
22	76	0	48
22	68	0	48
23	48	0	49
23	65	0	49
24	41	0	50
24	41	0	50
25	60	0	51
25	53	0	51
14	66	0	52
14	36	0	52
26	41	0	53
26	31	0	53
27	38	0	54
27	36	0	54
28	53	0	55
28	50	0	55
29	50	0	56
29	45	0	56
30	62	0	57
30	54	0	57
31	45	0	58
31	39	0	58
32	51	0	59
32	51	0	59
33	62	0	60
33	60	0	60
34	49	0	61
34	47	0	61
0	60	0	0
0	53	0	0
1	57	0	1
1	53	0	1
2	39	0	2
2	41	0	2
3	56	0	3
3	57	0	3
4	42	0	4
4	43	0	4
5	51	0	5
5	57	0	5
6	63	0	6
6	68	0	6
7	48	0	7
7	49	0	7
8	48	0	8
8	48	0	8
9	38	0	9
9	44	0	9
10	56	0	10
10	61	0	10
11	45	0	11
11	40	0	11
12	70	0	12
12	68	0	12
13	48	0	13
13	48	0	13
14	55	0	14
14	55	0	14
15	63	0	15
15	60	0	15
16	70	0	16
16	66	0	16
17	51	0	17
17	59	0	17
18	57	0	18
18	58	0	18
19	64	0	19
19	59	0	19
20	63	0	20
20	53	0	20
21	33	0	21
21	39	0	21
22	63	0	22
22	57	0	22
23	47	0	23
23	43	0	23
24	60	0	24
24	58	0	24
25	73	0	25
25	63	0	25
0	76	0	26
0	61	0	26
1	97	0	27
1	93	0	27
2	57	0	28
2	46	0	28
3	74	0	29
3	69	0	29
4	89	0	30
4	76	0	30
5	69	0	31
5	64	0	31
6	64	0	32
6	62	0	32
7	75	0	33
7	71	0	33
8	97	0	34
8	65	0	34
9	67	0	35
9	62	0	35
10	69	0	36
10	69	0	36
11	55	0	37
11	49	0	37
12	80	0	38
12	71	0	38
13	51	0	39
13	51	0	39
14	53	0	40
14	49	0	40
15	63	0	41
15	65	0	41
16	64	0	42
16	57	0	42
17	78	0	43
17	82	0	43
18	66	0	44
18	56	0	44
19	57	0	45
19	47	0	45
20	92	0	46
20	62	0	46
21	43	0	47
21	52	0	47
22	69	0	48
22	63	0	48
23	54	0	49
23	42	0	49
24	63	0	50
24	57	0	50
25	91	0	51
25	73	0	51
14	59	0	52
14	43	0	52
26	71	0	53
26	61	0	53
27	56	0	54
27	44	0	54
28	74	0	55
28	59	0	55
29	56	0	56
29	47	0	56
30	73	0	57
30	63	0	57
31	50	0	58
31	42	0	58
32	57	0	59
32	52	0	59
33	53	0	60
33	50	0	60
34	56	0	61
34	52	0	61
0	59	0	0
0	59	0	0
1	38	0	1
1	42	0	1
2	29	0	2
2	31	0	2
3	53	0	3
3	61	0	3
4	35	0	4
4	41	0	4
5	39	0	5
5	42	0	5
6	56	0	6
6	57	0	6
7	47	0	7
7	42	0	7
8	25	0	8
8	32	0	8
9	44	0	9
9	50	0	9
10	55	0	10
10	54	0	10
11	44	0	11
11	42	0	11
12	54	0	12
12	53	0	12
13	44	0	13
13	41	0	13
14	38	0	14
14	34	0	14
15	41	0	15
15	44	0	15
16	57	0	16
16	50	0	16
17	37	0	17
17	35	0	17
18	44	0	18
18	41	0	18
19	40	0	19
19	39	0	19
20	55	0	20
20	50	0	20
21	47	0	21
21	43	0	21
22	58	0	22
22	62	0	22
23	32	0	23
23	32	0	23
24	34	0	24
24	37	0	24
25	55	0	25
25	57	0	25
0	55	0	26
0	51	0	26
1	68	0	27
1	76	0	27
2	33	0	28
2	33	0	28
3	50	0	29
3	54	0	29
4	64	0	30
4	62	0	30
5	45	0	31
5	46	0	31
6	53	0	32
6	54	0	32
7	51	0	33
7	51	0	33
8	42	0	34
8	52	0	34
9	51	0	35
9	45	0	35
10	56	0	36
10	57	0	36
11	35	0	37
11	32	0	37
12	69	0	38
12	69	0	38
13	69	0	39
13	67	0	39
14	40	0	40
14	42	0	40
15	54	0	41
15	47	0	41
16	88	0	42
16	65	0	42
17	72	0	43
17	63	0	43
18	51	0	44
18	46	0	44
19	36	0	45
19	33	0	45
20	60	0	46
20	62	0	46
21	41	0	47
21	45	0	47
22	69	0	48
22	68	0	48
23	43	0	49
23	38	0	49
24	42	0	50
24	41	0	50
25	49	0	51
25	52	0	51
14	45	0	52
14	45	0	52
26	46	0	53
26	47	0	53
27	50	0	54
27	45	0	54
28	56	0	55
28	56	0	55
29	50	0	56
29	46	0	56
30	69	0	57
30	68	0	57
31	45	0	58
31	46	0	58
32	48	0	59
32	46	0	59
33	62	0	60
33	55	0	60
34	59	0	61
34	60	0	61
0	46	0	0
0	46	0	0
1	45	0	1
1	42	0	1
2	24	0	2
2	20	0	2
3	49	0	3
3	41	0	3
4	38	0	4
4	31	0	4
5	50	0	5
5	40	0	5
6	57	0	6
6	48	0	6
7	42	0	7
7	39	0	7
8	39	0	8
8	32	0	8
9	40	0	9
9	35	0	9
10	52	0	10
10	55	0	10
11	39	0	11
11	34	0	11
12	62	0	12
12	58	0	12
13	44	0	13
13	38	0	13
14	32	0	14
14	30	0	14
15	40	0	15
15	34	0	15
16	70	0	16
16	51	0	16
17	34	0	17
17	29	0	17
18	37	0	18
18	36	0	18
19	38	0	19
19	32	0	19
20	53	0	20
20	38	0	20
21	46	0	21
21	32	0	21
22	56	0	22
22	55	0	22
23	32	0	23
23	27	0	23
24	56	0	24
24	42	0	24
25	38	0	25
25	46	0	25
0	46	0	26
0	49	0	26
1	57	0	27
1	62	0	27
2	23	0	28
2	22	0	28
3	46	0	29
3	41	0	29
4	46	0	30
4	42	0	30
5	40	0	31
5	45	0	31
6	53	0	32
6	46	0	32
7	46	0	33
7	40	0	33
8	16	0	34
8	16	0	34
9	24	0	35
9	22	0	35
10	50	0	36
10	50	0	36
11	29	0	37
11	28	0	37
12	58	0	38
12	64	0	38
13	56	0	39
13	55	0	39
14	33	0	40
14	31	0	40
15	43	0	41
15	36	0	41
16	47	0	42
16	46	0	42
17	51	0	43
17	47	0	43
18	36	0	44
18	37	0	44
19	37	0	45
19	31	0	45
20	30	0	46
20	26	0	46
21	32	0	47
21	29	0	47
22	58	0	48
22	57	0	48
23	34	0	49
23	32	0	49
24	34	0	50
24	28	0	50
25	43	0	51
25	45	0	51
14	32	0	52
14	32	0	52
26	19	0	53
26	15	0	53
27	37	0	54
27	27	0	54
28	48	0	55
28	42	0	55
29	39	0	56
29	33	0	56
30	37	0	57
30	29	0	57
31	37	0	58
31	28	0	58
32	44	0	59
32	32	0	59
33	43	0	60
33	43	0	60
34	48	0	61
34	36	0	61
0	55	0	0
0	60	0	0
1	50	0	1
1	55	0	1
2	26	0	2
2	26	0	2
3	46	0	3
3	59	0	3
4	37	0	4
4	38	0	4
5	42	0	5
5	41	0	5
6	58	0	6
6	60	0	6
7	42	0	7
7	50	0	7
8	46	0	8
8	44	0	8
9	55	0	9
9	49	0	9
10	53	0	10
10	57	0	10
11	38	0	11
11	41	0	11
12	61	0	12
12	65	0	12
13	58	0	13
13	49	0	13
14	49	0	14
14	53	0	14
15	48	0	15
15	51	0	15
16	62	0	16
16	59	0	16
17	33	0	17
17	34	0	17
18	31	0	18
18	33	0	18
19	39	0	19
19	38	0	19
20	46	0	20
20	44	0	20
21	35	0	21
21	45	0	21
22	64	0	22
22	74	0	22
23	40	0	23
23	39	0	23
24	57	0	24
24	52	0	24
25	43	0	25
25	48	0	25
0	59	0	26
0	56	0	26
1	71	0	27
1	64	0	27
2	26	0	28
2	28	0	28
3	53	0	29
3	45	0	29
4	53	0	30
4	53	0	30
5	62	0	31
5	46	0	31
6	38	0	32
6	39	0	32
7	58	0	33
7	61	0	33
8	25	0	34
8	27	0	34
9	39	0	35
9	46	0	35
10	63	0	36
10	65	0	36
11	32	0	37
11	33	0	37
12	62	0	38
12	65	0	38
13	58	0	39
13	62	0	39
14	38	0	40
14	39	0	40
15	52	0	41
15	51	0	41
16	54	0	42
16	54	0	42
17	56	0	43
17	61	0	43
18	37	0	44
18	38	0	44
19	37	0	45
19	38	0	45
20	49	0	46
20	56	0	46
21	34	0	47
21	34	0	47
22	64	0	48
22	63	0	48
23	39	0	49
23	38	0	49
24	40	0	50
24	42	0	50
25	53	0	51
25	50	0	51
14	40	0	52
14	42	0	52
26	21	0	53
26	65	0	53
27	33	0	54
27	47	0	54
28	46	0	55
28	53	0	55
29	33	0	56
29	48	0	56
30	41	0	57
30	45	0	57
31	36	0	58
31	41	0	58
32	43	0	59
32	43	0	59
33	46	0	60
33	49	0	60
34	40	0	61
34	42	0	61
0	73	0	0
0	63	0	0
1	75	0	1
1	70	0	1
2	31	0	2
2	28	0	2
3	61	0	3
3	61	0	3
4	42	0	4
4	39	0	4
5	58	0	5
5	54	0	5
6	56	0	6
6	64	0	6
7	46	0	7
7	54	0	7
8	46	0	8
8	46	0	8
9	45	0	9
9	42	0	9
10	62	0	10
10	62	0	10
11	56	0	11
11	50	0	11
12	92	0	12
12	75	0	12
13	50	0	13
13	49	0	13
14	40	0	14
14	55	0	14
15	51	0	15
15	61	0	15
16	72	0	16
16	72	0	16
17	41	0	17
17	43	0	17
18	51	0	18
18	52	0	18
19	45	0	19
19	40	0	19
20	65	0	20
20	61	0	20
21	63	0	21
21	69	0	21
22	65	0	22
22	64	0	22
23	46	0	23
23	38	0	23
24	35	0	24
24	45	0	24
25	76	0	25
25	72	0	25
0	84	0	26
0	94	0	26
1	92	0	27
1	89	0	27
2	36	0	28
2	34	0	28
3	63	0	29
3	58	0	29
4	81	0	30
4	65	0	30
5	68	0	31
5	60	0	31
6	78	0	32
6	81	0	32
7	70	0	33
7	76	0	33
8	32	0	34
8	28	0	34
9	68	0	35
9	71	0	35
10	72	0	36
10	66	0	36
11	50	0	37
11	46	0	37
12	108	0	38
12	107	0	38
13	83	0	39
13	87	0	39
14	61	0	40
14	55	0	40
15	60	0	41
15	60	0	41
16	65	0	42
16	65	0	42
17	70	0	43
17	80	0	43
18	56	0	44
18	63	0	44
19	49	0	45
19	55	0	45
20	61	0	46
20	65	0	46
21	52	0	47
21	50	0	47
22	80	0	48
22	75	0	48
23	56	0	49
23	50	0	49
24	55	0	50
24	44	0	50
25	80	0	51
25	78	0	51
14	55	0	52
14	49	0	52
26	50	0	53
26	42	0	53
27	61	0	54
27	54	0	54
28	76	0	55
28	66	0	55
29	76	0	56
29	83	0	56
30	77	0	57
30	72	0	57
31	57	0	58
31	51	0	58
32	64	0	59
32	72	0	59
33	62	0	60
33	62	0	60
34	76	0	61
34	61	0	61
0	155	0	0
0	155	0	0
1	104	0	1
1	101	0	1
2	85	0	2
2	70	0	2
3	104	0	3
3	101	0	3
4	82	0	4
4	66	0	4
5	91	0	5
5	76	0	5
6	113	0	6
6	103	0	6
7	87	0	7
7	76	0	7
8	49	0	8
8	70	0	8
9	83	0	9
9	79	0	9
10	64	0	10
10	61	0	10
11	70	0	11
11	57	0	11
12	123	0	12
12	103	0	12
13	84	0	13
13	76	0	13
14	99	0	14
14	77	0	14
15	82	0	15
15	63	0	15
16	127	0	16
16	117	0	16
17	57	0	17
17	51	0	17
18	63	0	18
18	73	0	18
19	82	0	19
19	61	0	19
20	97	0	20
20	82	0	20
21	121	0	21
21	85	0	21
22	114	0	22
22	115	0	22
23	60	0	23
23	49	0	23
24	89	0	24
24	100	0	24
25	102	0	25
25	90	0	25
0	118	0	26
0	87	0	26
1	104	0	27
1	85	0	27
2	92	0	28
2	76	0	28
3	95	0	29
3	69	0	29
4	118	0	30
4	90	0	30
5	129	0	31
5	92	0	31
6	103	0	32
6	76	0	32
7	116	0	33
7	88	0	33
8	92	0	34
8	89	0	34
9	94	0	35
9	76	0	35
10	95	0	36
10	81	0	36
11	64	0	37
11	57	0	37
12	90	0	38
12	86	0	38
13	78	0	39
13	74	0	39
14	62	0	40
14	52	0	40
15	74	0	41
15	66	0	41
16	92	0	42
16	87	0	42
17	92	0	43
17	80	0	43
18	65	0	44
18	63	0	44
19	78	0	45
19	65	0	45
20	59	0	46
20	49	0	46
21	56	0	47
21	57	0	47
22	88	0	48
22	93	0	48
23	67	0	49
23	56	0	49
24	88	0	50
24	75	0	50
25	117	0	51
25	131	0	51
14	68	0	52
14	56	0	52
26	100	0	53
26	83	0	53
27	76	0	54
27	71	0	54
28	75	0	55
28	72	0	55
29	78	0	56
29	85	0	56
30	99	0	57
30	95	0	57
31	68	0	58
31	59	0	58
32	96	0	59
32	99	0	59
33	85	0	60
33	82	0	60
34	110	0	61
34	89	0	61
0	52	0	0
0	65	0	0
1	47	0	1
1	55	0	1
2	23	0	2
2	38	0	2
3	78	0	3
3	87	0	3
4	39	0	4
4	51	0	4
5	56	0	5
5	61	0	5
6	89	0	6
6	87	0	6
7	43	0	7
7	52	0	7
8	22	0	8
8	30	0	8
9	53	0	9
9	51	0	9
10	42	0	10
10	26	0	10
11	43	0	11
11	51	0	11
12	83	0	12
12	89	0	12
13	58	0	13
13	59	0	13
14	37	0	14
14	42	0	14
15	49	0	15
15	56	0	15
16	52	0	16
16	55	0	16
17	36	0	17
17	41	0	17
18	32	0	18
18	48	0	18
19	36	0	19
19	45	0	19
20	39	0	20
20	53	0	20
21	38	0	21
21	43	0	21
22	57	0	22
22	62	0	22
23	32	0	23
23	39	0	23
24	56	0	24
24	61	0	24
25	43	0	25
25	57	0	25
0	54	0	26
0	72	0	26
1	76	0	27
1	83	0	27
2	32	0	28
2	40	0	28
3	54	0	29
3	62	0	29
4	89	0	30
4	101	0	30
5	56	0	31
5	65	0	31
6	47	0	32
6	55	0	32
7	52	0	33
7	75	0	33
8	43	0	34
8	63	0	34
9	43	0	35
9	53	0	35
10	43	0	36
10	54	0	36
11	30	0	37
11	40	0	37
12	69	0	38
12	82	0	38
13	59	0	39
13	71	0	39
14	42	0	40
14	43	0	40
15	49	0	41
15	56	0	41
16	52	0	42
16	57	0	42
17	66	0	43
17	76	0	43
18	38	0	44
18	43	0	44
19	33	0	45
19	31	0	45
20	36	0	46
20	55	0	46
21	35	0	47
21	35	0	47
22	60	0	48
22	72	0	48
23	34	0	49
23	45	0	49
24	42	0	50
24	47	0	50
25	52	0	51
25	60	0	51
14	43	0	52
14	40	0	52
26	57	0	53
26	69	0	53
27	46	0	54
27	60	0	54
28	53	0	55
28	60	0	55
29	49	0	56
29	56	0	56
30	48	0	57
30	54	0	57
31	45	0	58
31	47	0	58
32	46	0	59
32	49	0	59
33	50	0	60
33	57	0	60
34	47	0	61
34	52	0	61
0	51	0	0
0	46	0	0
1	62	0	1
1	56	0	1
2	27	0	2
2	29	0	2
3	46	0	3
3	56	0	3
4	43	0	4
4	40	0	4
5	52	0	5
5	49	0	5
6	59	0	6
6	58	0	6
7	37	0	7
7	38	0	7
8	31	0	8
8	36	0	8
9	42	0	9
9	39	0	9
10	41	0	10
10	38	0	10
11	37	0	11
11	40	0	11
12	65	0	12
12	63	0	12
13	48	0	13
13	47	0	13
14	38	0	14
14	37	0	14
15	55	0	15
15	54	0	15
16	59	0	16
16	59	0	16
17	30	0	17
17	29	0	17
18	46	0	18
18	45	0	18
19	36	0	19
19	48	0	19
20	46	0	20
20	47	0	20
21	60	0	21
21	62	0	21
22	48	0	22
22	45	0	22
23	36	0	23
23	30	0	23
24	63	0	24
24	60	0	24
25	57	0	25
25	53	0	25
0	47	0	26
0	55	0	26
1	67	0	27
1	74	0	27
2	31	0	28
2	32	0	28
3	53	0	29
3	55	0	29
4	50	0	30
4	55	0	30
5	53	0	31
5	47	0	31
6	54	0	32
6	50	0	32
7	64	0	33
7	56	0	33
8	52	0	34
8	54	0	34
9	50	0	35
9	55	0	35
10	45	0	36
10	42	0	36
11	37	0	37
11	34	0	37
12	57	0	38
12	60	0	38
13	46	0	39
13	46	0	39
14	51	0	40
14	48	0	40
15	56	0	41
15	52	0	41
16	59	0	42
16	58	0	42
17	71	0	43
17	66	0	43
18	38	0	44
18	37	0	44
19	44	0	45
19	42	0	45
20	38	0	46
20	35	0	46
21	40	0	47
21	34	0	47
22	57	0	48
22	59	0	48
23	42	0	49
23	39	0	49
24	44	0	50
24	42	0	50
25	64	0	51
25	63	0	51
14	47	0	52
14	49	0	52
26	42	0	53
26	38	0	53
27	39	0	54
27	38	0	54
28	48	0	55
28	46	0	55
29	57	0	56
29	47	0	56
30	57	0	57
30	52	0	57
31	52	0	58
31	48	0	58
32	54	0	59
32	48	0	59
33	63	0	60
33	64	0	60
34	56	0	61
34	49	0	61
0	77	0	0
0	76	0	0
1	73	0	1
1	66	0	1
2	37	0	2
2	33	0	2
3	73	0	3
3	69	0	3
4	85	0	4
4	58	0	4
5	69	0	5
5	66	0	5
6	85	0	6
6	84	0	6
7	79	0	7
7	74	0	7
8	40	0	8
8	47	0	8
9	87	0	9
9	68	0	9
10	76	0	10
10	73	0	10
11	63	0	11
11	59	0	11
12	144	0	12
12	148	0	12
13	62	0	13
13	66	0	13
14	48	0	14
14	54	0	14
15	72	0	15
15	71	0	15
16	72	0	16
16	65	0	16
17	43	0	17
17	44	0	17
18	49	0	18
18	44	0	18
19	48	0	19
19	49	0	19
20	57	0	20
20	57	0	20
21	49	0	21
21	35	0	21
22	80	0	22
22	80	0	22
23	53	0	23
23	48	0	23
24	76	0	24
24	72	0	24
25	60	0	25
25	51	0	25
0	69	0	26
0	70	0	26
1	99	0	27
1	89	0	27
2	39	0	28
2	34	0	28
3	74	0	29
3	69	0	29
4	76	0	30
4	63	0	30
5	70	0	31
5	71	0	31
6	60	0	32
6	61	0	32
7	77	0	33
7	78	0	33
8	31	0	34
8	35	0	34
9	40	0	35
9	37	0	35
10	81	0	36
10	73	0	36
11	56	0	37
11	47	0	37
12	90	0	38
12	80	0	38
13	79	0	39
13	68	0	39
14	60	0	40
14	56	0	40
15	72	0	41
15	62	0	41
16	74	0	42
16	69	0	42
17	92	0	43
17	76	0	43
18	50	0	44
18	43	0	44
19	53	0	45
19	47	0	45
20	69	0	46
20	62	0	46
21	46	0	47
21	41	0	47
22	79	0	48
22	98	0	48
23	56	0	49
23	55	0	49
24	68	0	50
24	54	0	50
25	66	0	51
25	59	0	51
14	68	0	52
14	59	0	52
26	52	0	53
26	46	0	53
27	63	0	54
27	61	0	54
28	69	0	55
28	62	0	55
29	90	0	56
29	68	0	56
30	76	0	57
30	68	0	57
31	62	0	58
31	52	0	58
32	63	0	59
32	53	0	59
33	82	0	60
33	73	0	60
34	62	0	61
34	71	0	61
0	56	0	0
0	58	0	0
1	56	0	1
1	51	0	1
2	31	0	2
2	30	0	2
3	62	0	3
3	59	0	3
4	45	0	4
4	34	0	4
5	62	0	5
5	53	0	5
6	65	0	6
6	64	0	6
7	64	0	7
7	61	0	7
8	30	0	8
8	31	0	8
9	51	0	9
9	54	0	9
10	94	0	10
10	79	0	10
11	46	0	11
11	43	0	11
12	89	0	12
12	81	0	12
13	67	0	13
13	55	0	13
14	59	0	14
14	48	0	14
15	54	0	15
15	59	0	15
16	52	0	16
16	66	0	16
17	33	0	17
17	35	0	17
18	42	0	18
18	42	0	18
19	41	0	19
19	37	0	19
20	68	0	20
20	63	0	20
21	34	0	21
21	37	0	21
22	56	0	22
22	57	0	22
23	43	0	23
23	39	0	23
24	67	0	24
24	67	0	24
25	48	0	25
25	61	0	25
0	63	0	26
0	58	0	26
1	81	0	27
1	76	0	27
2	33	0	28
2	35	0	28
3	55	0	29
3	52	0	29
4	61	0	30
4	54	0	30
5	217	0	31
5	204	0	31
6	69	0	32
6	55	0	32
7	98	0	33
7	95	0	33
8	182	0	34
8	69	0	34
9	61	0	35
9	95	0	35
10	75	0	36
10	77	0	36
11	82	0	37
11	53	0	37
12	102	0	38
12	89	0	38
13	78	0	39
13	69	0	39
14	60	0	40
14	56	0	40
15	65	0	41
15	54	0	41
16	93	0	42
16	80	0	42
17	78	0	43
17	68	0	43
18	176	0	44
18	44	0	44
19	51	0	45
19	52	0	45
20	79	0	46
20	70	0	46
21	44	0	47
21	38	0	47
22	69	0	48
22	59	0	48
23	52	0	49
23	45	0	49
24	73	0	50
24	70	0	50
25	76	0	51
25	81	0	51
14	46	0	52
14	37	0	52
26	36	0	53
26	34	0	53
27	48	0	54
27	51	0	54
28	46	0	55
28	51	0	55
29	49	0	56
29	46	0	56
30	49	0	57
30	59	0	57
31	34	0	58
31	36	0	58
32	52	0	59
32	62	0	59
33	40	0	60
33	47	0	60
34	44	0	61
34	44	0	61
0	59	0	0
0	44	0	0
1	52	0	1
1	52	0	1
2	22	0	2
2	29	0	2
3	52	0	3
3	48	0	3
4	36	0	4
4	40	0	4
5	55	0	5
5	53	0	5
6	48	0	6
6	44	0	6
7	45	0	7
7	43	0	7
8	32	0	8
8	29	0	8
9	38	0	9
9	34	0	9
10	57	0	10
10	51	0	10
11	33	0	11
11	36	0	11
12	65	0	12
12	69	0	12
13	42	0	13
13	40	0	13
14	28	0	14
14	31	0	14
15	46	0	15
15	41	0	15
16	52	0	16
16	51	0	16
17	33	0	17
17	27	0	17
18	35	0	18
18	33	0	18
19	33	0	19
19	31	0	19
20	40	0	20
20	40	0	20
21	31	0	21
21	33	0	21
22	57	0	22
22	64	0	22
23	32	0	23
23	35	0	23
24	38	0	24
24	35	0	24
25	45	0	25
25	38	0	25
0	57	0	26
0	57	0	26
1	61	0	27
1	64	0	27
2	24	0	28
2	22	0	28
3	49	0	29
3	47	0	29
4	50	0	30
4	52	0	30
5	48	0	31
5	47	0	31
6	40	0	32
6	41	0	32
7	76	0	33
7	55	0	33
8	18	0	34
8	18	0	34
9	27	0	35
9	26	0	35
10	53	0	36
10	48	0	36
11	23	0	37
11	33	0	37
12	64	0	38
12	67	0	38
13	50	0	39
13	56	0	39
14	35	0	40
14	35	0	40
15	47	0	41
15	48	0	41
16	47	0	42
16	51	0	42
17	61	0	43
17	64	0	43
18	40	0	44
18	40	0	44
19	33	0	45
19	38	0	45
20	31	0	46
20	34	0	46
21	38	0	47
21	43	0	47
22	62	0	48
22	63	0	48
23	43	0	49
23	39	0	49
24	40	0	50
24	35	0	50
25	50	0	51
25	45	0	51
14	30	0	52
14	31	0	52
26	56	0	53
26	51	0	53
27	34	0	54
27	40	0	54
28	50	0	55
28	48	0	55
29	58	0	56
29	42	0	56
30	55	0	57
30	58	0	57
31	36	0	58
31	35	0	58
32	41	0	59
32	39	0	59
33	67	0	60
33	58	0	60
34	44	0	61
34	37	0	61
0	83	0	0
0	84	0	0
1	69	0	1
1	66	0	1
2	37	0	2
2	35	0	2
3	72	0	3
3	72	0	3
4	51	0	4
4	49	0	4
5	54	0	5
5	57	0	5
6	55	0	6
6	61	0	6
7	54	0	7
7	73	0	7
8	48	0	8
8	51	0	8
9	50	0	9
9	50	0	9
10	59	0	10
10	58	0	10
11	48	0	11
11	53	0	11
12	72	0	12
12	73	0	12
13	49	0	13
13	51	0	13
14	39	0	14
14	40	0	14
15	54	0	15
15	55	0	15
16	66	0	16
16	68	0	16
17	33	0	17
17	36	0	17
18	38	0	18
18	38	0	18
19	41	0	19
19	45	0	19
20	53	0	20
20	52	0	20
21	49	0	21
21	39	0	21
22	63	0	22
22	70	0	22
23	36	0	23
23	38	0	23
24	50	0	24
24	55	0	24
25	53	0	25
25	58	0	25
0	66	0	26
0	73	0	26
1	79	0	27
1	78	0	27
2	30	0	28
2	33	0	28
3	59	0	29
3	55	0	29
4	55	0	30
4	56	0	30
5	52	0	31
5	59	0	31
6	45	0	32
6	44	0	32
7	55	0	33
7	57	0	33
8	19	0	34
8	17	0	34
9	31	0	35
9	29	0	35
10	58	0	36
10	50	0	36
11	40	0	37
11	28	0	37
12	77	0	38
12	58	0	38
13	59	0	39
13	56	0	39
14	42	0	40
14	41	0	40
15	50	0	41
15	45	0	41
16	58	0	42
16	51	0	42
17	64	0	43
17	60	0	43
18	39	0	44
18	38	0	44
19	35	0	45
19	37	0	45
20	33	0	46
20	35	0	46
21	35	0	47
21	37	0	47
22	69	0	48
22	71	0	48
23	44	0	49
23	41	0	49
24	38	0	50
24	35	0	50
25	57	0	51
25	55	0	51
14	42	0	52
14	41	0	52
26	35	0	53
26	37	0	53
27	42	0	54
27	44	0	54
28	53	0	55
28	52	0	55
29	49	0	56
29	49	0	56
30	68	0	57
30	57	0	57
31	38	0	58
31	38	0	58
32	54	0	59
32	50	0	59
33	47	0	60
33	45	0	60
34	56	0	61
34	47	0	61
0	61	0	0
0	69	0	0
1	64	0	1
1	67	0	1
2	29	0	2
2	32	0	2
3	75	0	3
3	64	0	3
4	54	0	4
4	44	0	4
5	56	0	5
5	50	0	5
6	76	0	6
6	74	0	6
7	57	0	7
7	54	0	7
8	44	0	8
8	42	0	8
9	52	0	9
9	53	0	9
10	53	0	10
10	53	0	10
11	40	0	11
11	39	0	11
12	77	0	12
12	100	0	12
13	57	0	13
13	56	0	13
14	39	0	14
14	46	0	14
15	52	0	15
15	61	0	15
16	80	0	16
16	95	0	16
17	68	0	17
17	64	0	17
18	36	0	18
18	48	0	18
19	39	0	19
19	42	0	19
20	49	0	20
20	45	0	20
21	39	0	21
21	44	0	21
22	53	0	22
22	59	0	22
23	41	0	23
23	34	0	23
24	55	0	24
24	58	0	24
25	59	0	25
25	62	0	25
0	94	0	26
0	73	0	26
1	79	0	27
1	72	0	27
2	48	0	28
2	35	0	28
3	56	0	29
3	54	0	29
4	56	0	30
4	52	0	30
5	52	0	31
5	51	0	31
6	62	0	32
6	55	0	32
7	73	0	33
7	66	0	33
8	64	0	34
8	66	0	34
9	53	0	35
9	47	0	35
10	63	0	36
10	53	0	36
11	46	0	37
11	33	0	37
12	86	0	38
12	67	0	38
13	66	0	39
13	58	0	39
14	49	0	40
14	38	0	40
15	57	0	41
15	51	0	41
16	59	0	42
16	60	0	42
17	63	0	43
17	67	0	43
18	44	0	44
18	38	0	44
19	47	0	45
19	46	0	45
20	36	0	46
20	38	0	46
21	39	0	47
21	34	0	47
22	61	0	48
22	66	0	48
23	48	0	49
23	47	0	49
24	59	0	50
24	64	0	50
25	72	0	51
25	75	0	51
14	49	0	52
14	39	0	52
26	63	0	53
26	63	0	53
27	67	0	54
27	57	0	54
28	60	0	55
28	56	0	55
29	86	0	56
29	73	0	56
30	63	0	57
30	70	0	57
31	41	0	58
31	46	0	58
32	55	0	59
32	52	0	59
33	61	0	60
33	58	0	60
34	66	0	61
34	64	0	61
0	93	0	0
0	82	0	0
1	92	0	1
1	81	0	1
2	69	0	2
2	56	0	2
3	103	0	3
3	89	0	3
4	70	0	4
4	62	0	4
5	83	0	5
5	81	0	5
6	100	0	6
6	111	0	6
7	94	0	7
7	73	0	7
8	107	0	8
8	62	0	8
9	146	0	9
9	92	0	9
10	77	0	10
10	85	0	10
11	70	0	11
11	80	0	11
12	127	0	12
12	127	0	12
13	85	0	13
13	85	0	13
14	49	0	14
14	47	0	14
15	75	0	15
15	86	0	15
16	98	0	16
16	97	0	16
17	60	0	17
17	68	0	17
18	66	0	18
18	66	0	18
19	69	0	19
19	78	0	19
20	77	0	20
20	139	0	20
21	54	0	21
21	54	0	21
22	61	0	22
22	66	0	22
23	121	0	23
23	87	0	23
24	95	0	24
24	114	0	24
25	97	0	25
25	98	0	25
0	64	0	26
0	74	0	26
1	90	0	27
1	96	0	27
2	50	0	28
2	72	0	28
3	84	0	29
3	69	0	29
4	68	0	30
4	123	0	30
5	80	0	31
5	88	0	31
6	74	0	32
6	64	0	32
7	99	0	33
7	102	0	33
8	100	0	34
8	73	0	34
9	75	0	35
9	77	0	35
10	70	0	36
10	87	0	36
11	101	0	37
11	100	0	37
12	109	0	38
12	97	0	38
13	74	0	39
13	90	0	39
14	47	0	40
14	45	0	40
15	58	0	41
15	58	0	41
16	88	0	42
16	67	0	42
17	94	0	43
17	105	0	43
18	69	0	44
18	81	0	44
19	104	0	45
19	89	0	45
20	92	0	46
20	81	0	46
21	63	0	47
21	48	0	47
22	69	0	48
22	66	0	48
23	256	0	49
23	76	0	49
24	157	0	50
24	128	0	50
25	149	0	51
25	143	0	51
14	78	0	52
14	66	0	52
26	58	0	53
26	48	0	53
27	98	0	54
27	90	0	54
28	78	0	55
28	77	0	55
29	80	0	56
29	57	0	56
30	75	0	57
30	63	0	57
31	63	0	58
31	51	0	58
32	94	0	59
32	74	0	59
33	83	0	60
33	77	0	60
34	104	0	61
34	95	0	61
0	142	0	0
0	130	0	0
1	103	0	1
1	85	0	1
2	56	0	2
2	46	0	2
3	95	0	3
3	86	0	3
4	69	0	4
4	62	0	4
5	75	0	5
5	67	0	5
6	104	0	6
6	100	0	6
7	66	0	7
7	67	0	7
8	63	0	8
8	58	0	8
9	75	0	9
9	73	0	9
10	89	0	10
10	80	0	10
11	71	0	11
11	73	0	11
12	110	0	12
12	107	0	12
13	100	0	13
13	69	0	13
14	59	0	14
14	61	0	14
15	96	0	15
15	89	0	15
16	142	0	16
16	129	0	16
17	59	0	17
17	53	0	17
18	74	0	18
18	71	0	18
19	83	0	19
19	78	0	19
20	87	0	20
20	90	0	20
21	86	0	21
21	99	0	21
22	96	0	22
22	114	0	22
23	81	0	23
23	87	0	23
24	96	0	24
24	108	0	24
25	80	0	25
25	86	0	25
0	108	0	26
0	105	0	26
1	121	0	27
1	128	0	27
2	50	0	28
2	49	0	28
3	99	0	29
3	99	0	29
4	93	0	30
4	92	0	30
5	99	0	31
5	83	0	31
6	70	0	32
6	80	0	32
7	110	0	33
7	115	0	33
8	50	0	34
8	38	0	34
9	90	0	35
9	80	0	35
10	91	0	36
10	97	0	36
11	50	0	37
11	58	0	37
12	105	0	38
12	118	0	38
13	89	0	39
13	95	0	39
14	48	0	40
14	57	0	40
15	91	0	41
15	93	0	41
16	99	0	42
16	91	0	42
17	98	0	43
17	104	0	43
18	71	0	44
18	81	0	44
19	62	0	45
19	67	0	45
20	54	0	46
20	64	0	46
21	71	0	47
21	79	0	47
22	100	0	48
22	104	0	48
23	83	0	49
23	68	0	49
24	82	0	50
24	63	0	50
25	100	0	51
25	77	0	51
14	63	0	52
14	62	0	52
26	75	0	53
26	71	0	53
27	70	0	54
27	71	0	54
28	84	0	55
28	84	0	55
29	74	0	56
29	73	0	56
30	89	0	57
30	96	0	57
31	61	0	58
31	86	0	58
32	72	0	59
32	92	0	59
33	108	0	60
33	115	0	60
34	104	0	61
34	85	0	61
0	101	0	0
0	73	0	0
1	76	0	1
1	62	0	1
2	34	0	2
2	33	0	2
3	57	0	3
3	69	0	3
4	45	0	4
4	49	0	4
5	70	0	5
5	68	0	5
6	77	0	6
6	90	0	6
7	60	0	7
7	59	0	7
8	32	0	8
8	30	0	8
9	65	0	9
9	64	0	9
10	48	0	10
10	63	0	10
11	46	0	11
11	48	0	11
12	86	0	12
12	101	0	12
13	50	0	13
13	59	0	13
14	48	0	14
14	48	0	14
15	53	0	15
15	64	0	15
16	79	0	16
16	76	0	16
17	45	0	17
17	41	0	17
18	61	0	18
18	57	0	18
19	56	0	19
19	54	0	19
20	76	0	20
20	69	0	20
21	45	0	21
21	42	0	21
22	81	0	22
22	73	0	22
23	46	0	23
23	37	0	23
24	45	0	24
24	36	0	24
25	70	0	25
25	64	0	25
0	65	0	26
0	67	0	26
1	99	0	27
1	93	0	27
2	40	0	28
2	35	0	28
3	61	0	29
3	58	0	29
4	77	0	30
4	70	0	30
5	61	0	31
5	63	0	31
6	72	0	32
6	66	0	32
7	63	0	33
7	62	0	33
8	57	0	34
8	54	0	34
9	59	0	35
9	56	0	35
10	67	0	36
10	56	0	36
11	60	0	37
11	43	0	37
12	87	0	38
12	78	0	38
13	82	0	39
13	68	0	39
14	78	0	40
14	71	0	40
15	63	0	41
15	61	0	41
16	86	0	42
16	80	0	42
17	91	0	43
17	88	0	43
18	73	0	44
18	67	0	44
19	45	0	45
19	46	0	45
20	53	0	46
20	53	0	46
21	63	0	47
21	56	0	47
22	102	0	48
22	89	0	48
23	57	0	49
23	59	0	49
24	50	0	50
24	48	0	50
25	89	0	51
25	85	0	51
14	77	0	52
14	54	0	52
26	40	0	53
26	37	0	53
27	56	0	54
27	47	0	54
28	70	0	55
28	61	0	55
29	61	0	56
29	65	0	56
30	84	0	57
30	77	0	57
31	59	0	58
31	55	0	58
32	58	0	59
32	60	0	59
33	84	0	60
33	75	0	60
34	65	0	61
34	67	0	61
0	73	0	0
0	59	0	0
1	61	0	1
1	52	0	1
2	24	0	2
2	23	0	2
3	52	0	3
3	55	0	3
4	46	0	4
4	42	0	4
5	51	0	5
5	47	0	5
6	70	0	6
6	64	0	6
7	40	0	7
7	45	0	7
8	30	0	8
8	29	0	8
9	48	0	9
9	51	0	9
10	56	0	10
10	46	0	10
11	42	0	11
11	18	0	11
12	75	0	12
12	64	0	12
13	42	0	13
13	39	0	13
14	42	0	14
14	42	0	14
15	60	0	15
15	68	0	15
16	72	0	16
16	67	0	16
17	33	0	17
17	33	0	17
18	50	0	18
18	54	0	18
19	43	0	19
19	42	0	19
20	38	0	20
20	39	0	20
21	38	0	21
21	39	0	21
22	65	0	22
22	72	0	22
23	40	0	23
23	29	0	23
24	39	0	24
24	37	0	24
25	62	0	25
25	60	0	25
0	75	0	26
0	52	0	26
1	93	0	27
1	88	0	27
2	50	0	28
2	35	0	28
3	84	0	29
3	74	0	29
4	65	0	30
4	47	0	30
5	57	0	31
5	47	0	31
6	67	0	32
6	86	0	32
7	68	0	33
7	58	0	33
8	28	0	34
8	18	0	34
9	71	0	35
9	59	0	35
10	65	0	36
10	56	0	36
11	59	0	37
11	41	0	37
12	85	0	38
12	79	0	38
13	65	0	39
13	65	0	39
14	55	0	40
14	53	0	40
15	66	0	41
15	66	0	41
16	75	0	42
16	68	0	42
17	76	0	43
17	81	0	43
18	62	0	44
18	57	0	44
19	39	0	45
19	37	0	45
20	58	0	46
20	42	0	46
21	54	0	47
21	46	0	47
22	95	0	48
22	82	0	48
23	64	0	49
23	46	0	49
24	49	0	50
24	36	0	50
25	74	0	51
25	64	0	51
14	59	0	52
14	52	0	52
26	79	0	53
26	65	0	53
27	48	0	54
27	46	0	54
28	63	0	55
28	64	0	55
29	102	0	56
29	112	0	56
30	68	0	57
30	61	0	57
31	56	0	58
31	63	0	58
32	59	0	59
32	55	0	59
33	61	0	60
33	58	0	60
34	91	0	61
34	106	0	61
0	86	0	0
0	68	0	0
1	62	0	1
1	50	0	1
2	48	0	2
2	30	0	2
3	124	0	3
3	58	0	3
4	47	0	4
4	41	0	4
5	68	0	5
5	55	0	5
6	65	0	6
6	61	0	6
7	55	0	7
7	50	0	7
8	53	0	8
8	44	0	8
9	71	0	9
9	62	0	9
10	81	0	10
10	75	0	10
11	44	0	11
11	36	0	11
12	122	0	12
12	90	0	12
13	87	0	13
13	65	0	13
14	53	0	14
14	42	0	14
15	75	0	15
15	68	0	15
16	79	0	16
16	79	0	16
17	40	0	17
17	43	0	17
18	55	0	18
18	44	0	18
19	50	0	19
19	58	0	19
20	61	0	20
20	51	0	20
21	54	0	21
21	61	0	21
22	89	0	22
22	76	0	22
23	47	0	23
23	52	0	23
24	63	0	24
24	56	0	24
25	57	0	25
25	53	0	25
0	60	0	26
0	61	0	26
1	97	0	27
1	93	0	27
2	51	0	28
2	29	0	28
3	78	0	29
3	71	0	29
4	77	0	30
4	70	0	30
5	74	0	31
5	76	0	31
6	67	0	32
6	62	0	32
7	84	0	33
7	72	0	33
8	35	0	34
8	33	0	34
9	49	0	35
9	44	0	35
10	82	0	36
10	76	0	36
11	49	0	37
11	48	0	37
12	81	0	38
12	78	0	38
13	73	0	39
13	61	0	39
14	52	0	40
14	49	0	40
15	73	0	41
15	69	0	41
16	72	0	42
16	72	0	42
17	85	0	43
17	73	0	43
18	53	0	44
18	51	0	44
19	61	0	45
19	47	0	45
20	63	0	46
20	70	0	46
21	66	0	47
21	66	0	47
22	94	0	48
22	94	0	48
23	54	0	49
23	51	0	49
24	54	0	50
24	57	0	50
25	66	0	51
25	76	0	51
14	64	0	52
14	52	0	52
26	45	0	53
26	39	0	53
27	43	0	54
27	38	0	54
28	64	0	55
28	60	0	55
29	62	0	56
29	57	0	56
30	70	0	57
30	73	0	57
31	54	0	58
31	52	0	58
32	54	0	59
32	60	0	59
33	62	0	60
33	72	0	60
34	58	0	61
34	67	0	61
0	53	1	0
0	73	1	0
1	50	1	1
1	57	1	1
2	25	1	2
2	34	1	2
3	37	1	3
3	52	1	3
4	54	1	4
4	46	1	4
5	72	1	5
5	66	1	5
6	73	1	6
6	77	1	6
7	51	1	7
7	62	1	7
8	32	1	8
8	31	1	8
9	50	1	9
9	56	1	9
10	68	1	10
10	62	1	10
11	37	1	11
11	44	1	11
12	82	1	12
12	87	1	12
13	45	1	13
13	61	1	13
14	66	1	14
14	40	1	14
15	57	1	15
15	60	1	15
16	61	1	16
16	73	1	16
17	49	1	17
17	43	1	17
18	43	1	18
18	41	1	18
19	46	1	19
19	41	1	19
20	46	1	20
20	51	1	20
21	29	1	21
21	32	1	21
22	54	1	22
22	67	1	22
23	25	1	23
23	52	1	23
24	64	1	24
24	67	1	24
25	48	1	25
25	55	1	25
0	63	1	26
0	57	1	26
1	86	1	27
1	92	1	27
2	34	1	28
2	35	1	28
3	58	1	29
3	62	1	29
4	52	1	30
4	58	1	30
5	57	1	31
5	53	1	31
6	63	1	32
6	56	1	32
7	60	1	33
7	70	1	33
8	64	1	34
8	71	1	34
9	56	1	35
9	50	1	35
10	72	1	36
10	64	1	36
11	48	1	37
11	40	1	37
12	91	1	38
12	90	1	38
13	71	1	39
13	67	1	39
14	50	1	40
14	50	1	40
15	55	1	41
15	69	1	41
16	63	1	42
16	67	1	42
17	65	1	43
17	73	1	43
18	49	1	44
18	50	1	44
19	42	1	45
19	44	1	45
20	40	1	46
20	51	1	46
21	41	1	47
21	43	1	47
22	75	1	48
22	92	1	48
23	50	1	49
23	45	1	49
24	83	1	50
24	60	1	50
25	57	1	51
25	61	1	51
14	45	1	52
14	50	1	52
26	59	1	53
26	54	1	53
27	44	1	54
27	44	1	54
28	53	1	55
28	56	1	55
29	49	1	56
29	48	1	56
30	54	1	57
30	56	1	57
31	43	1	58
31	48	1	58
32	49	1	59
32	47	1	59
33	52	1	60
33	53	1	60
34	57	1	61
34	64	1	61
0	104	1	0
0	77	1	0
1	83	1	1
1	49	1	1
2	37	1	2
2	34	1	2
3	48	1	3
3	46	1	3
4	51	1	4
4	47	1	4
5	66	1	5
5	58	1	5
6	76	1	6
6	71	1	6
7	72	1	7
7	55	1	7
8	31	1	8
8	28	1	8
9	49	1	9
9	46	1	9
10	60	1	10
10	46	1	10
11	55	1	11
11	43	1	11
12	83	1	12
12	72	1	12
13	54	1	13
13	49	1	13
14	47	1	14
14	38	1	14
15	55	1	15
15	42	1	15
16	72	1	16
16	71	1	16
17	30	1	17
17	34	1	17
18	45	1	18
18	39	1	18
19	49	1	19
19	39	1	19
20	39	1	20
20	30	1	20
21	40	1	21
21	31	1	21
22	76	1	22
22	63	1	22
23	44	1	23
23	35	1	23
24	49	1	24
24	40	1	24
25	56	1	25
25	43	1	25
0	77	1	26
0	75	1	26
1	63	1	27
1	64	1	27
2	30	1	28
2	36	1	28
3	43	1	29
3	49	1	29
4	50	1	30
4	67	1	30
5	45	1	31
5	53	1	31
6	54	1	32
6	65	1	32
7	40	1	33
7	44	1	33
8	42	1	34
8	41	1	34
9	36	1	35
9	35	1	35
10	45	1	36
10	44	1	36
11	44	1	37
11	42	1	37
12	63	1	38
12	74	1	38
13	56	1	39
13	63	1	39
14	42	1	40
14	41	1	40
15	46	1	41
15	43	1	41
16	53	1	42
16	51	1	42
17	52	1	43
17	52	1	43
18	40	1	44
18	41	1	44
19	34	1	45
19	36	1	45
20	33	1	46
20	27	1	46
21	41	1	47
21	34	1	47
22	107	1	48
22	58	1	48
23	35	1	49
23	45	1	49
24	30	1	50
24	33	1	50
25	55	1	51
25	54	1	51
14	45	1	52
14	42	1	52
26	19	1	53
26	18	1	53
27	42	1	54
27	42	1	54
28	53	1	55
28	57	1	55
29	50	1	56
29	55	1	56
30	65	1	57
30	64	1	57
31	52	1	58
31	52	1	58
32	49	1	59
32	51	1	59
33	46	1	60
33	43	1	60
34	58	1	61
34	58	1	61
0	54	1	0
0	51	1	0
1	61	1	1
1	55	1	1
2	39	1	2
2	30	1	2
3	58	1	3
3	51	1	3
4	52	1	4
4	51	1	4
5	58	1	5
5	49	1	5
6	77	1	6
6	57	1	6
7	58	1	7
7	45	1	7
8	28	1	8
8	21	1	8
9	43	1	9
9	34	1	9
10	65	1	10
10	50	1	10
11	37	1	11
11	38	1	11
12	76	1	12
12	65	1	12
13	52	1	13
13	42	1	13
14	43	1	14
14	41	1	14
15	50	1	15
15	50	1	15
16	60	1	16
16	63	1	16
17	28	1	17
17	23	1	17
18	53	1	18
18	44	1	18
19	45	1	19
19	49	1	19
20	35	1	20
20	38	1	20
21	43	1	21
21	44	1	21
22	71	1	22
22	62	1	22
23	46	1	23
23	41	1	23
24	60	1	24
24	45	1	24
25	60	1	25
25	57	1	25
0	57	1	26
0	59	1	26
1	65	1	27
1	60	1	27
2	28	1	28
2	26	1	28
3	48	1	29
3	53	1	29
4	42	1	30
4	44	1	30
5	56	1	31
5	61	1	31
6	40	1	32
6	54	1	32
7	52	1	33
7	58	1	33
8	61	1	34
8	64	1	34
9	33	1	35
9	37	1	35
10	50	1	36
10	54	1	36
11	33	1	37
11	30	1	37
12	66	1	38
12	59	1	38
13	56	1	39
13	56	1	39
14	47	1	40
14	40	1	40
15	56	1	41
15	49	1	41
16	62	1	42
16	53	1	42
17	57	1	43
17	54	1	43
18	46	1	44
18	50	1	44
19	49	1	45
19	49	1	45
20	43	1	46
20	43	1	46
21	46	1	47
21	44	1	47
22	64	1	48
22	63	1	48
23	45	1	49
23	48	1	49
24	37	1	50
24	38	1	50
25	48	1	51
25	52	1	51
14	42	1	52
14	36	1	52
26	40	1	53
26	34	1	53
27	50	1	54
27	47	1	54
28	65	1	55
28	59	1	55
29	55	1	56
29	44	1	56
30	57	1	57
30	59	1	57
31	44	1	58
31	44	1	58
32	56	1	59
32	59	1	59
33	53	1	60
33	49	1	60
34	46	1	61
34	47	1	61
0	58	1	0
0	51	1	0
1	51	1	1
1	52	1	1
2	29	1	2
2	29	1	2
3	53	1	3
3	50	1	3
4	39	1	4
4	38	1	4
5	51	1	5
5	45	1	5
6	49	1	6
6	46	1	6
7	40	1	7
7	38	1	7
8	24	1	8
8	24	1	8
9	34	1	9
9	33	1	9
10	46	1	10
10	46	1	10
11	20	1	11
11	32	1	11
12	60	1	12
12	56	1	12
13	40	1	13
13	45	1	13
14	44	1	14
14	40	1	14
15	44	1	15
15	43	1	15
16	64	1	16
16	63	1	16
17	35	1	17
17	37	1	17
18	44	1	18
18	42	1	18
19	36	1	19
19	33	1	19
20	42	1	20
20	43	1	20
21	37	1	21
21	41	1	21
22	49	1	22
22	48	1	22
23	37	1	23
23	33	1	23
24	34	1	24
24	36	1	24
25	44	1	25
25	45	1	25
0	67	1	26
0	77	1	26
1	70	1	27
1	66	1	27
2	28	1	28
2	31	1	28
3	46	1	29
3	59	1	29
4	47	1	30
4	49	1	30
5	42	1	31
5	47	1	31
6	41	1	32
6	58	1	32
7	54	1	33
7	60	1	33
8	63	1	34
8	29	1	34
9	35	1	35
9	44	1	35
10	56	1	36
10	51	1	36
11	34	1	37
11	34	1	37
12	60	1	38
12	66	1	38
13	52	1	39
13	54	1	39
14	45	1	40
14	43	1	40
15	48	1	41
15	51	1	41
16	59	1	42
16	54	1	42
17	59	1	43
17	52	1	43
18	45	1	44
18	44	1	44
19	57	1	45
19	45	1	45
20	35	1	46
20	41	1	46
21	60	1	47
21	48	1	47
22	81	1	48
22	58	1	48
23	38	1	49
23	40	1	49
24	37	1	50
24	36	1	50
25	47	1	51
25	49	1	51
14	108	1	52
14	51	1	52
26	32	1	53
26	37	1	53
27	33	1	54
27	37	1	54
28	50	1	55
28	52	1	55
29	46	1	56
29	55	1	56
30	43	1	57
30	54	1	57
31	38	1	58
31	45	1	58
32	110	1	59
32	49	1	59
33	66	1	60
33	55	1	60
34	50	1	61
34	54	1	61
0	65	1	0
0	56	1	0
1	67	1	1
1	59	1	1
2	35	1	2
2	32	1	2
3	70	1	3
3	58	1	3
4	45	1	4
4	45	1	4
5	50	1	5
5	51	1	5
6	62	1	6
6	64	1	6
7	51	1	7
7	48	1	7
8	31	1	8
8	39	1	8
9	47	1	9
9	38	1	9
10	65	1	10
10	58	1	10
11	46	1	11
11	44	1	11
12	77	1	12
12	90	1	12
13	53	1	13
13	50	1	13
14	44	1	14
14	46	1	14
15	70	1	15
15	71	1	15
16	67	1	16
16	61	1	16
17	35	1	17
17	33	1	17
18	54	1	18
18	56	1	18
19	43	1	19
19	42	1	19
20	49	1	20
20	55	1	20
21	57	1	21
21	62	1	21
22	92	1	22
22	84	1	22
23	48	1	23
23	50	1	23
24	58	1	24
24	62	1	24
25	55	1	25
25	71	1	25
0	69	1	26
0	105	1	26
1	111	1	27
1	108	1	27
2	42	1	28
2	35	1	28
3	78	1	29
3	76	1	29
4	58	1	30
4	52	1	30
5	63	1	31
5	58	1	31
6	46	1	32
6	50	1	32
7	90	1	33
7	84	1	33
8	29	1	34
8	30	1	34
9	37	1	35
9	34	1	35
10	65	1	36
10	56	1	36
11	43	1	37
11	35	1	37
12	96	1	38
12	103	1	38
13	71	1	39
13	63	1	39
14	48	1	40
14	48	1	40
15	65	1	41
15	67	1	41
16	65	1	42
16	71	1	42
17	80	1	43
17	79	1	43
18	55	1	44
18	53	1	44
19	46	1	45
19	38	1	45
20	51	1	46
20	40	1	46
21	49	1	47
21	43	1	47
22	94	1	48
22	83	1	48
23	59	1	49
23	53	1	49
24	62	1	50
24	55	1	50
25	68	1	51
25	62	1	51
14	67	1	52
14	46	1	52
26	51	1	53
26	44	1	53
27	46	1	54
27	38	1	54
28	69	1	55
28	60	1	55
29	86	1	56
29	69	1	56
30	64	1	57
30	65	1	57
31	48	1	58
31	45	1	58
32	58	1	59
32	54	1	59
33	61	1	60
33	58	1	60
34	66	1	61
34	58	1	61
0	67	1	0
0	66	1	0
1	78	1	1
1	61	1	1
2	48	1	2
2	41	1	2
3	58	1	3
3	65	1	3
4	49	1	4
4	43	1	4
5	57	1	5
5	52	1	5
6	67	1	6
6	65	1	6
7	54	1	7
7	51	1	7
8	35	1	8
8	31	1	8
9	52	1	9
9	42	1	9
10	66	1	10
10	62	1	10
11	45	1	11
11	34	1	11
12	90	1	12
12	90	1	12
13	65	1	13
13	66	1	13
14	36	1	14
14	32	1	14
15	49	1	15
15	46	1	15
16	84	1	16
16	59	1	16
17	73	1	17
17	50	1	17
18	59	1	18
18	57	1	18
19	38	1	19
19	39	1	19
20	54	1	20
20	43	1	20
21	59	1	21
21	80	1	21
22	73	1	22
22	93	1	22
23	44	1	23
23	35	1	23
24	46	1	24
24	42	1	24
25	58	1	25
25	50	1	25
0	65	1	26
0	56	1	26
1	80	1	27
1	73	1	27
2	36	1	28
2	30	1	28
3	51	1	29
3	54	1	29
4	58	1	30
4	50	1	30
5	49	1	31
5	44	1	31
6	55	1	32
6	52	1	32
7	45	1	33
7	44	1	33
8	57	1	34
8	41	1	34
9	51	1	35
9	42	1	35
10	92	1	36
10	51	1	36
11	29	1	37
11	30	1	37
12	72	1	38
12	63	1	38
13	58	1	39
13	54	1	39
14	39	1	40
14	31	1	40
15	48	1	41
15	42	1	41
16	56	1	42
16	50	1	42
17	64	1	43
17	53	1	43
18	59	1	44
18	54	1	44
19	39	1	45
19	48	1	45
20	36	1	46
20	26	1	46
21	49	1	47
21	36	1	47
22	79	1	48
22	67	1	48
23	43	1	49
23	41	1	49
24	37	1	50
24	35	1	50
25	74	1	51
25	101	1	51
14	36	1	52
14	32	1	52
26	31	1	53
26	30	1	53
27	39	1	54
27	38	1	54
28	55	1	55
28	54	1	55
29	63	1	56
29	66	1	56
30	81	1	57
30	74	1	57
31	46	1	58
31	43	1	58
32	49	1	59
32	47	1	59
33	66	1	60
33	66	1	60
34	59	1	61
34	50	1	61
0	86	1	0
0	72	1	0
1	101	1	1
1	64	1	1
2	77	1	2
2	26	1	2
3	132	1	3
3	59	1	3
4	71	1	4
4	38	1	4
5	79	1	5
5	59	1	5
6	82	1	6
6	71	1	6
7	81	1	7
7	66	1	7
8	76	1	8
8	43	1	8
9	73	1	9
9	50	1	9
10	123	1	10
10	56	1	10
11	61	1	11
11	38	1	11
12	107	1	12
12	69	1	12
13	67	1	13
13	43	1	13
14	69	1	14
14	33	1	14
15	85	1	15
15	67	1	15
16	89	1	16
16	70	1	16
17	66	1	17
17	49	1	17
18	54	1	18
18	39	1	18
19	70	1	19
19	40	1	19
20	72	1	20
20	50	1	20
21	58	1	21
21	48	1	21
22	102	1	22
22	61	1	22
23	59	1	23
23	46	1	23
24	62	1	24
24	50	1	24
25	81	1	25
25	54	1	25
0	65	1	26
0	56	1	26
1	70	1	27
1	65	1	27
2	24	1	28
2	28	1	28
3	57	1	29
3	55	1	29
4	55	1	30
4	51	1	30
5	62	1	31
5	53	1	31
6	60	1	32
6	64	1	32
7	67	1	33
7	60	1	33
8	70	1	34
8	20	1	34
9	46	1	35
9	42	1	35
10	59	1	36
10	57	1	36
11	35	1	37
11	28	1	37
12	78	1	38
12	67	1	38
13	60	1	39
13	59	1	39
14	37	1	40
14	35	1	40
15	52	1	41
15	53	1	41
16	57	1	42
16	56	1	42
17	61	1	43
17	57	1	43
18	38	1	44
18	40	1	44
19	34	1	45
19	37	1	45
20	45	1	46
20	31	1	46
21	36	1	47
21	36	1	47
22	61	1	48
22	62	1	48
23	44	1	49
23	49	1	49
24	40	1	50
24	41	1	50
25	57	1	51
25	55	1	51
14	36	1	52
14	35	1	52
26	34	1	53
26	33	1	53
27	39	1	54
27	36	1	54
28	49	1	55
28	44	1	55
29	58	1	56
29	49	1	56
30	50	1	57
30	46	1	57
31	39	1	58
31	37	1	58
32	52	1	59
32	45	1	59
33	51	1	60
33	50	1	60
34	57	1	61
34	51	1	61
0	64	1	0
0	44	1	0
1	78	1	1
1	49	1	1
2	30	1	2
2	19	1	2
3	61	1	3
3	44	1	3
4	36	1	4
4	31	1	4
5	38	1	5
5	32	1	5
6	70	1	6
6	43	1	6
7	53	1	7
7	42	1	7
8	32	1	8
8	26	1	8
9	33	1	9
9	30	1	9
10	54	1	10
10	40	1	10
11	45	1	11
11	25	1	11
12	111	1	12
12	63	1	12
13	69	1	13
13	49	1	13
14	42	1	14
14	31	1	14
15	57	1	15
15	48	1	15
16	65	1	16
16	57	1	16
17	47	1	17
17	33	1	17
18	40	1	18
18	37	1	18
19	38	1	19
19	31	1	19
20	44	1	20
20	42	1	20
21	37	1	21
21	26	1	21
22	51	1	22
22	43	1	22
23	40	1	23
23	32	1	23
24	39	1	24
24	36	1	24
25	54	1	25
25	44	1	25
0	70	1	26
0	71	1	26
1	68	1	27
1	58	1	27
2	37	1	28
2	21	1	28
3	58	1	29
3	44	1	29
4	63	1	30
4	49	1	30
5	51	1	31
5	48	1	31
6	47	1	32
6	36	1	32
7	49	1	33
7	50	1	33
8	28	1	34
8	32	1	34
9	38	1	35
9	32	1	35
10	55	1	36
10	44	1	36
11	25	1	37
11	25	1	37
12	63	1	38
12	67	1	38
13	63	1	39
13	60	1	39
14	37	1	40
14	29	1	40
15	50	1	41
15	50	1	41
16	56	1	42
16	49	1	42
17	65	1	43
17	64	1	43
18	38	1	44
18	31	1	44
19	36	1	45
19	31	1	45
20	43	1	46
20	45	1	46
21	32	1	47
21	41	1	47
22	55	1	48
22	51	1	48
23	41	1	49
23	34	1	49
24	39	1	50
24	37	1	50
25	52	1	51
25	50	1	51
14	35	1	52
14	32	1	52
26	22	1	53
26	20	1	53
27	44	1	54
27	28	1	54
28	53	1	55
28	39	1	55
29	44	1	56
29	35	1	56
30	53	1	57
30	34	1	57
31	39	1	58
31	45	1	58
32	47	1	59
32	41	1	59
33	47	1	60
33	44	1	60
34	48	1	61
34	35	1	61
0	70	1	0
0	54	1	0
1	60	1	1
1	56	1	1
2	44	1	2
2	35	1	2
3	69	1	3
3	55	1	3
4	45	1	4
4	38	1	4
5	63	1	5
5	56	1	5
6	71	1	6
6	64	1	6
7	71	1	7
7	61	1	7
8	51	1	8
8	38	1	8
9	76	1	9
9	47	1	9
10	94	1	10
10	86	1	10
11	54	1	11
11	43	1	11
12	93	1	12
12	75	1	12
13	63	1	13
13	57	1	13
14	51	1	14
14	42	1	14
15	63	1	15
15	57	1	15
16	60	1	16
16	46	1	16
17	64	1	17
17	61	1	17
18	48	1	18
18	55	1	18
19	42	1	19
19	46	1	19
20	67	1	20
20	59	1	20
21	65	1	21
21	62	1	21
22	89	1	22
22	86	1	22
23	75	1	23
23	76	1	23
24	64	1	24
24	58	1	24
25	69	1	25
25	59	1	25
0	60	1	26
0	41	1	26
1	65	1	27
1	62	1	27
2	37	1	28
2	32	1	28
3	62	1	29
3	55	1	29
4	50	1	30
4	48	1	30
5	56	1	31
5	45	1	31
6	54	1	32
6	52	1	32
7	72	1	33
7	57	1	33
8	51	1	34
8	48	1	34
9	46	1	35
9	48	1	35
10	67	1	36
10	63	1	36
11	32	1	37
11	42	1	37
12	66	1	38
12	66	1	38
13	62	1	39
13	61	1	39
14	36	1	40
14	37	1	40
15	53	1	41
15	44	1	41
16	63	1	42
16	56	1	42
17	59	1	43
17	49	1	43
18	47	1	44
18	46	1	44
19	41	1	45
19	37	1	45
20	44	1	46
20	47	1	46
21	49	1	47
21	56	1	47
22	69	1	48
22	62	1	48
23	42	1	49
23	43	1	49
24	50	1	50
24	43	1	50
25	44	1	51
25	47	1	51
14	37	1	52
14	39	1	52
26	14	1	53
26	14	1	53
27	41	1	54
27	37	1	54
28	54	1	55
28	52	1	55
29	53	1	56
29	53	1	56
30	41	1	57
30	41	1	57
31	39	1	58
31	37	1	58
32	48	1	59
32	44	1	59
33	69	1	60
33	69	1	60
34	49	1	61
34	51	1	61
0	65	1	0
0	63	1	0
1	73	1	1
1	71	1	1
2	26	1	2
2	36	1	2
3	66	1	3
3	66	1	3
4	58	1	4
4	48	1	4
5	64	1	5
5	62	1	5
6	65	1	6
6	64	1	6
7	59	1	7
7	64	1	7
8	50	1	8
8	58	1	8
9	78	1	9
9	68	1	9
10	39	1	10
10	59	1	10
11	50	1	11
11	48	1	11
12	107	1	12
12	99	1	12
13	75	1	13
13	68	1	13
14	28	1	14
14	30	1	14
15	65	1	15
15	78	1	15
16	50	1	16
16	52	1	16
17	39	1	17
17	44	1	17
18	34	1	18
18	35	1	18
19	42	1	19
19	72	1	19
20	71	1	20
20	65	1	20
21	44	1	21
21	47	1	21
22	59	1	22
22	85	1	22
23	32	1	23
23	41	1	23
24	48	1	24
24	50	1	24
25	64	1	25
25	44	1	25
0	93	1	26
0	56	1	26
1	76	1	27
1	71	1	27
2	42	1	28
2	32	1	28
3	68	1	29
3	55	1	29
4	60	1	30
4	52	1	30
5	61	1	31
5	56	1	31
6	65	1	32
6	48	1	32
7	62	1	33
7	61	1	33
8	24	1	34
8	23	1	34
9	48	1	35
9	48	1	35
10	65	1	36
10	64	1	36
11	34	1	37
11	32	1	37
12	111	1	38
12	82	1	38
13	58	1	39
13	59	1	39
14	33	1	40
14	33	1	40
15	55	1	41
15	57	1	41
16	55	1	42
16	55	1	42
17	61	1	43
17	65	1	43
18	36	1	44
18	41	1	44
19	40	1	45
19	50	1	45
20	39	1	46
20	34	1	46
21	35	1	47
21	35	1	47
22	82	1	48
22	85	1	48
23	46	1	49
23	47	1	49
24	44	1	50
24	44	1	50
25	61	1	51
25	60	1	51
14	42	1	52
14	38	1	52
26	47	1	53
26	40	1	53
27	36	1	54
27	30	1	54
28	56	1	55
28	54	1	55
29	43	1	56
29	45	1	56
30	48	1	57
30	49	1	57
31	49	1	58
31	41	1	58
32	49	1	59
32	53	1	59
33	97	1	60
33	102	1	60
34	50	1	61
34	43	1	61
0	83	1	0
0	55	1	0
1	76	1	1
1	61	1	1
2	32	1	2
2	28	1	2
3	64	1	3
3	52	1	3
4	36	1	4
4	38	1	4
5	60	1	5
5	52	1	5
6	77	1	6
6	58	1	6
7	53	1	7
7	44	1	7
8	37	1	8
8	34	1	8
9	49	1	9
9	44	1	9
10	86	1	10
10	72	1	10
11	36	1	11
11	32	1	11
12	74	1	12
12	69	1	12
13	53	1	13
13	38	1	13
14	38	1	14
14	37	1	14
15	50	1	15
15	41	1	15
16	71	1	16
16	59	1	16
17	50	1	17
17	35	1	17
18	49	1	18
18	41	1	18
19	59	1	19
19	31	1	19
20	51	1	20
20	43	1	20
21	51	1	21
21	36	1	21
22	72	1	22
22	62	1	22
23	67	1	23
23	64	1	23
24	67	1	24
24	66	1	24
25	76	1	25
25	55	1	25
0	103	1	26
0	55	1	26
1	69	1	27
1	65	1	27
2	31	1	28
2	29	1	28
3	58	1	29
3	57	1	29
4	74	1	30
4	58	1	30
5	68	1	31
5	61	1	31
6	57	1	32
6	53	1	32
7	80	1	33
7	75	1	33
8	76	1	34
8	59	1	34
9	52	1	35
9	55	1	35
10	94	1	36
10	67	1	36
11	42	1	37
11	36	1	37
12	87	1	38
12	117	1	38
13	69	1	39
13	69	1	39
14	39	1	40
14	43	1	40
15	49	1	41
15	45	1	41
16	55	1	42
16	55	1	42
17	70	1	43
17	60	1	43
18	45	1	44
18	46	1	44
19	45	1	45
19	47	1	45
20	39	1	46
20	37	1	46
21	45	1	47
21	44	1	47
22	91	1	48
22	65	1	48
23	57	1	49
23	55	1	49
24	58	1	50
24	41	1	50
25	75	1	51
25	63	1	51
14	50	1	52
14	40	1	52
26	38	1	53
26	32	1	53
27	44	1	54
27	41	1	54
28	56	1	55
28	55	1	55
29	72	1	56
29	64	1	56
30	61	1	57
30	66	1	57
31	47	1	58
31	43	1	58
32	69	1	59
32	54	1	59
33	61	1	60
33	58	1	60
34	47	1	61
34	49	1	61
0	58	1	0
0	51	1	0
1	50	1	1
1	50	1	1
2	22	1	2
2	24	1	2
3	35	1	3
3	36	1	3
4	30	1	4
4	31	1	4
5	36	1	5
5	40	1	5
6	44	1	6
6	45	1	6
7	37	1	7
7	38	1	7
8	24	1	8
8	25	1	8
9	28	1	9
9	30	1	9
10	43	1	10
10	43	1	10
11	17	1	11
11	17	1	11
12	61	1	12
12	55	1	12
13	39	1	13
13	39	1	13
14	34	1	14
14	34	1	14
15	48	1	15
15	47	1	15
16	63	1	16
16	63	1	16
17	32	1	17
17	34	1	17
18	29	1	18
18	33	1	18
19	39	1	19
19	39	1	19
20	30	1	20
20	29	1	20
21	31	1	21
21	32	1	21
22	51	1	22
22	47	1	22
23	38	1	23
23	33	1	23
24	42	1	24
24	43	1	24
25	46	1	25
25	42	1	25
0	62	1	26
0	63	1	26
1	67	1	27
1	67	1	27
2	24	1	28
2	21	1	28
3	47	1	29
3	48	1	29
4	56	1	30
4	53	1	30
5	46	1	31
5	51	1	31
6	45	1	32
6	45	1	32
7	47	1	33
7	58	1	33
8	57	1	34
8	54	1	34
9	48	1	35
9	53	1	35
10	52	1	36
10	50	1	36
11	36	1	37
11	33	1	37
12	70	1	38
12	64	1	38
13	54	1	39
13	56	1	39
14	40	1	40
14	31	1	40
15	47	1	41
15	44	1	41
16	49	1	42
16	52	1	42
17	58	1	43
17	60	1	43
18	34	1	44
18	38	1	44
19	32	1	45
19	33	1	45
20	32	1	46
20	30	1	46
21	32	1	47
21	35	1	47
22	53	1	48
22	51	1	48
23	43	1	49
23	39	1	49
24	42	1	50
24	33	1	50
25	48	1	51
25	45	1	51
14	37	1	52
14	35	1	52
26	52	1	53
26	52	1	53
27	38	1	54
27	37	1	54
28	52	1	55
28	46	1	55
29	45	1	56
29	46	1	56
30	50	1	57
30	40	1	57
31	38	1	58
31	38	1	58
32	48	1	59
32	43	1	59
33	42	1	60
33	43	1	60
34	46	1	61
34	47	1	61
0	114	1	0
0	74	1	0
1	78	1	1
1	67	1	1
2	55	1	2
2	47	1	2
3	64	1	3
3	73	1	3
4	60	1	4
4	52	1	4
5	79	1	5
5	63	1	5
6	77	1	6
6	68	1	6
7	54	1	7
7	60	1	7
8	48	1	8
8	71	1	8
9	47	1	9
9	59	1	9
10	63	1	10
10	82	1	10
11	49	1	11
11	49	1	11
12	85	1	12
12	98	1	12
13	70	1	13
13	67	1	13
14	46	1	14
14	46	1	14
15	59	1	15
15	69	1	15
16	76	1	16
16	64	1	16
17	62	1	17
17	63	1	17
18	62	1	18
18	52	1	18
19	67	1	19
19	65	1	19
20	46	1	20
20	50	1	20
21	73	1	21
21	73	1	21
22	67	1	22
22	65	1	22
23	82	1	23
23	65	1	23
24	59	1	24
24	69	1	24
25	83	1	25
25	88	1	25
0	96	1	26
0	92	1	26
1	93	1	27
1	88	1	27
2	50	1	28
2	59	1	28
3	84	1	29
3	97	1	29
4	104	1	30
4	103	1	30
5	74	1	31
5	72	1	31
6	114	1	32
6	87	1	32
7	89	1	33
7	81	1	33
8	39	1	34
8	44	1	34
9	50	1	35
9	51	1	35
10	87	1	36
10	72	1	36
11	57	1	37
11	54	1	37
12	97	1	38
12	103	1	38
13	88	1	39
13	76	1	39
14	49	1	40
14	56	1	40
15	66	1	41
15	62	1	41
16	79	1	42
16	78	1	42
17	83	1	43
17	87	1	43
18	58	1	44
18	62	1	44
19	63	1	45
19	64	1	45
20	69	1	46
20	55	1	46
21	73	1	47
21	68	1	47
22	104	1	48
22	76	1	48
23	90	1	49
23	79	1	49
24	68	1	50
24	70	1	50
25	104	1	51
25	90	1	51
14	49	1	52
14	51	1	52
26	43	1	53
26	37	1	53
27	91	1	54
27	75	1	54
28	79	1	55
28	68	1	55
29	77	1	56
29	67	1	56
30	72	1	57
30	71	1	57
31	51	1	58
31	53	1	58
32	64	1	59
32	62	1	59
33	71	1	60
33	76	1	60
34	59	1	61
34	56	1	61
0	76	1	0
0	46	1	0
1	57	1	1
1	43	1	1
2	40	1	2
2	33	1	2
3	50	1	3
3	48	1	3
4	42	1	4
4	40	1	4
5	45	1	5
5	45	1	5
6	59	1	6
6	58	1	6
7	39	1	7
7	38	1	7
8	36	1	8
8	31	1	8
9	39	1	9
9	36	1	9
10	49	1	10
10	42	1	10
11	45	1	11
11	37	1	11
12	66	1	12
12	59	1	12
13	42	1	13
13	38	1	13
14	41	1	14
14	37	1	14
15	50	1	15
15	46	1	15
16	61	1	16
16	61	1	16
17	47	1	17
17	35	1	17
18	48	1	18
18	42	1	18
19	40	1	19
19	37	1	19
20	45	1	20
20	38	1	20
21	37	1	21
21	35	1	21
22	63	1	22
22	57	1	22
23	41	1	23
23	36	1	23
24	35	1	24
24	38	1	24
25	53	1	25
25	51	1	25
0	66	1	26
0	70	1	26
1	72	1	27
1	68	1	27
2	33	1	28
2	27	1	28
3	44	1	29
3	44	1	29
4	40	1	30
4	43	1	30
5	42	1	31
5	41	1	31
6	59	1	32
6	46	1	32
7	47	1	33
7	43	1	33
8	56	1	34
8	54	1	34
9	47	1	35
9	33	1	35
10	55	1	36
10	47	1	36
11	40	1	37
11	33	1	37
12	66	1	38
12	61	1	38
13	60	1	39
13	53	1	39
14	45	1	40
14	35	1	40
15	50	1	41
15	44	1	41
16	62	1	42
16	52	1	42
17	66	1	43
17	54	1	43
18	52	1	44
18	37	1	44
19	33	1	45
19	30	1	45
20	45	1	46
20	43	1	46
21	40	1	47
21	34	1	47
22	69	1	48
22	69	1	48
23	46	1	49
23	37	1	49
24	48	1	50
24	37	1	50
25	66	1	51
25	43	1	51
14	41	1	52
14	35	1	52
26	26	1	53
26	19	1	53
27	44	1	54
27	33	1	54
28	50	1	55
28	43	1	55
29	53	1	56
29	35	1	56
30	55	1	57
30	51	1	57
31	54	1	58
31	41	1	58
32	42	1	59
32	41	1	59
33	58	1	60
33	48	1	60
34	50	1	61
34	43	1	61
0	130	1	0
0	95	1	0
1	130	1	1
1	101	1	1
2	43	1	2
2	45	1	2
3	117	1	3
3	82	1	3
4	62	1	4
4	61	1	4
5	78	1	5
5	76	1	5
6	75	1	6
6	96	1	6
7	95	1	7
7	97	1	7
8	41	1	8
8	42	1	8
9	64	1	9
9	49	1	9
10	273	1	10
10	77	1	10
11	79	1	11
11	55	1	11
12	156	1	12
12	137	1	12
13	102	1	13
13	88	1	13
14	91	1	14
14	85	1	14
15	96	1	15
15	118	1	15
16	88	1	16
16	101	1	16
17	73	1	17
17	68	1	17
18	61	1	18
18	64	1	18
19	57	1	19
19	55	1	19
20	79	1	20
20	72	1	20
21	42	1	21
21	39	1	21
22	76	1	22
22	71	1	22
23	51	1	23
23	34	1	23
24	79	1	24
24	69	1	24
25	60	1	25
25	58	1	25
0	225	1	26
0	73	1	26
1	258	1	27
1	96	1	27
2	91	1	28
2	49	1	28
3	149	1	29
3	74	1	29
4	392	1	30
4	60	1	30
5	274	1	31
5	119	1	31
6	128	1	32
6	87	1	32
7	100	1	33
7	79	1	33
8	79	1	34
8	67	1	34
9	51	1	35
9	47	1	35
10	235	1	36
10	106	1	36
11	77	1	37
11	54	1	37
12	144	1	38
12	104	1	38
13	102	1	39
13	62	1	39
14	108	1	40
14	49	1	40
15	151	1	41
15	84	1	41
16	168	1	42
16	63	1	42
17	164	1	43
17	134	1	43
18	93	1	44
18	64	1	44
19	71	1	45
19	65	1	45
20	83	1	46
20	63	1	46
21	92	1	47
21	94	1	47
22	119	1	48
22	96	1	48
23	114	1	49
23	86	1	49
24	248	1	50
24	111	1	50
25	139	1	51
25	100	1	51
14	161	1	52
14	105	1	52
26	110	1	53
26	61	1	53
27	78	1	54
27	54	1	54
28	89	1	55
28	74	1	55
29	58	1	56
29	63	1	56
30	84	1	57
30	104	1	57
31	59	1	58
31	56	1	58
32	68	1	59
32	65	1	59
33	71	1	60
33	76	1	60
34	69	1	61
34	72	1	61
0	146	1	0
0	84	1	0
1	98	1	1
1	80	1	1
2	37	1	2
2	23	1	2
3	65	1	3
3	68	1	3
4	37	1	4
4	53	1	4
5	59	1	5
5	78	1	5
6	80	1	6
6	105	1	6
7	90	1	7
7	97	1	7
8	51	1	8
8	59	1	8
9	75	1	9
9	82	1	9
10	135	1	10
10	128	1	10
11	58	1	11
11	55	1	11
12	101	1	12
12	97	1	12
13	71	1	13
13	68	1	13
14	69	1	14
14	95	1	14
15	74	1	15
15	69	1	15
16	110	1	16
16	91	1	16
17	52	1	17
17	52	1	17
18	47	1	18
18	47	1	18
19	62	1	19
19	54	1	19
20	49	1	20
20	60	1	20
21	31	1	21
21	30	1	21
22	68	1	22
22	68	1	22
23	37	1	23
23	40	1	23
24	36	1	24
24	35	1	24
25	68	1	25
25	64	1	25
0	74	1	26
0	59	1	26
1	124	1	27
1	107	1	27
2	39	1	28
2	28	1	28
3	83	1	29
3	74	1	29
4	80	1	30
4	80	1	30
5	63	1	31
5	62	1	31
6	79	1	32
6	96	1	32
7	67	1	33
7	59	1	33
8	65	1	34
8	54	1	34
9	72	1	35
9	63	1	35
10	67	1	36
10	57	1	36
11	104	1	37
11	88	1	37
12	124	1	38
12	82	1	38
13	64	1	39
13	60	1	39
14	65	1	40
14	57	1	40
15	91	1	41
15	79	1	41
16	83	1	42
16	83	1	42
17	94	1	43
17	92	1	43
18	51	1	44
18	44	1	44
19	41	1	45
19	41	1	45
20	60	1	46
20	54	1	46
21	47	1	47
21	43	1	47
22	89	1	48
22	88	1	48
23	45	1	49
23	40	1	49
24	43	1	50
24	40	1	50
25	67	1	51
25	66	1	51
14	68	1	52
14	51	1	52
26	47	1	53
26	31	1	53
27	70	1	54
27	59	1	54
28	95	1	55
28	97	1	55
29	51	1	56
29	41	1	56
30	97	1	57
30	89	1	57
31	71	1	58
31	42	1	58
32	58	1	59
32	46	1	59
33	88	1	60
33	63	1	60
34	111	1	61
34	80	1	61
0	57	1	0
0	51	1	0
1	48	1	1
1	51	1	1
2	22	1	2
2	27	1	2
3	46	1	3
3	48	1	3
4	35	1	4
4	35	1	4
5	41	1	5
5	37	1	5
6	57	1	6
6	54	1	6
7	44	1	7
7	40	1	7
8	31	1	8
8	22	1	8
9	41	1	9
9	38	1	9
10	50	1	10
10	51	1	10
11	30	1	11
11	34	1	11
12	63	1	12
12	63	1	12
13	38	1	13
13	37	1	13
14	40	1	14
14	39	1	14
15	43	1	15
15	42	1	15
16	52	1	16
16	53	1	16
17	33	1	17
17	32	1	17
18	33	1	18
18	32	1	18
19	36	1	19
19	37	1	19
20	30	1	20
20	26	1	20
21	34	1	21
21	33	1	21
22	50	1	22
22	52	1	22
23	36	1	23
23	33	1	23
24	41	1	24
24	43	1	24
25	43	1	25
25	43	1	25
0	57	1	26
0	36	1	26
1	67	1	27
1	60	1	27
2	22	1	28
2	19	1	28
3	50	1	29
3	38	1	29
4	71	1	30
4	65	1	30
5	52	1	31
5	53	1	31
6	55	1	32
6	49	1	32
7	69	1	33
7	41	1	33
8	51	1	34
8	40	1	34
9	52	1	35
9	48	1	35
10	49	1	36
10	53	1	36
11	31	1	37
11	38	1	37
12	58	1	38
12	50	1	38
13	47	1	39
13	47	1	39
14	38	1	40
14	35	1	40
15	47	1	41
15	45	1	41
16	51	1	42
16	48	1	42
17	65	1	43
17	65	1	43
18	44	1	44
18	34	1	44
19	35	1	45
19	36	1	45
20	34	1	46
20	33	1	46
21	41	1	47
21	34	1	47
22	68	1	48
22	64	1	48
23	43	1	49
23	36	1	49
24	50	1	50
24	51	1	50
25	49	1	51
25	51	1	51
14	39	1	52
14	39	1	52
26	16	1	53
26	15	1	53
27	35	1	54
27	32	1	54
28	44	1	55
28	46	1	55
29	56	1	56
29	51	1	56
30	52	1	57
30	48	1	57
31	33	1	58
31	29	1	58
32	37	1	59
32	34	1	59
33	50	1	60
33	49	1	60
34	47	1	61
34	42	1	61
0	94	1	0
0	78	1	0
1	75	1	1
1	76	1	1
2	55	1	2
2	49	1	2
3	78	1	3
3	81	1	3
4	63	1	4
4	59	1	4
5	89	1	5
5	85	1	5
6	107	1	6
6	101	1	6
7	75	1	7
7	67	1	7
8	40	1	8
8	37	1	8
9	76	1	9
9	70	1	9
10	73	1	10
10	65	1	10
11	53	1	11
11	51	1	11
12	103	1	12
12	117	1	12
13	79	1	13
13	84	1	13
14	51	1	14
14	52	1	14
15	74	1	15
15	72	1	15
16	80	1	16
16	79	1	16
17	71	1	17
17	67	1	17
18	52	1	18
18	46	1	18
19	51	1	19
19	50	1	19
20	51	1	20
20	45	1	20
21	46	1	21
21	47	1	21
22	76	1	22
22	69	1	22
23	58	1	23
23	55	1	23
24	89	1	24
24	88	1	24
25	69	1	25
25	67	1	25
0	86	1	26
0	84	1	26
1	94	1	27
1	79	1	27
2	41	1	28
2	37	1	28
3	65	1	29
3	62	1	29
4	65	1	30
4	60	1	30
5	77	1	31
5	68	1	31
6	76	1	32
6	62	1	32
7	78	1	33
7	62	1	33
8	29	1	34
8	27	1	34
9	57	1	35
9	44	1	35
10	79	1	36
10	55	1	36
11	45	1	37
11	31	1	37
12	103	1	38
12	89	1	38
13	75	1	39
13	66	1	39
14	52	1	40
14	48	1	40
15	80	1	41
15	70	1	41
16	73	1	42
16	71	1	42
17	92	1	43
17	84	1	43
18	57	1	44
18	48	1	44
19	51	1	45
19	48	1	45
20	51	1	46
20	42	1	46
21	52	1	47
21	45	1	47
22	78	1	48
22	67	1	48
23	60	1	49
23	53	1	49
24	47	1	50
24	40	1	50
25	65	1	51
25	62	1	51
14	55	1	52
14	69	1	52
26	81	1	53
26	80	1	53
27	47	1	54
27	52	1	54
28	56	1	55
28	65	1	55
29	59	1	56
29	53	1	56
30	69	1	57
30	73	1	57
31	62	1	58
31	57	1	58
32	57	1	59
32	56	1	59
33	74	1	60
33	79	1	60
34	60	1	61
34	61	1	61
0	62	1	0
0	71	1	0
1	65	1	1
1	59	1	1
2	45	1	2
2	40	1	2
3	71	1	3
3	58	1	3
4	62	1	4
4	53	1	4
5	74	1	5
5	67	1	5
6	79	1	6
6	80	1	6
7	61	1	7
7	55	1	7
8	57	1	8
8	53	1	8
9	61	1	9
9	59	1	9
10	77	1	10
10	54	1	10
11	50	1	11
11	42	1	11
12	97	1	12
12	93	1	12
13	62	1	13
13	60	1	13
14	46	1	14
14	44	1	14
15	73	1	15
15	62	1	15
16	80	1	16
16	83	1	16
17	46	1	17
17	51	1	17
18	50	1	18
18	49	1	18
19	59	1	19
19	44	1	19
20	61	1	20
20	54	1	20
21	45	1	21
21	44	1	21
22	73	1	22
22	79	1	22
23	66	1	23
23	62	1	23
24	63	1	24
24	63	1	24
25	63	1	25
25	55	1	25
0	93	1	26
0	92	1	26
1	101	1	27
1	87	1	27
2	46	1	28
2	39	1	28
3	84	1	29
3	72	1	29
4	89	1	30
4	72	1	30
5	78	1	31
5	72	1	31
6	69	1	32
6	61	1	32
7	89	1	33
7	85	1	33
8	89	1	34
8	81	1	34
9	45	1	35
9	38	1	35
10	74	1	36
10	70	1	36
11	46	1	37
11	43	1	37
12	97	1	38
12	114	1	38
13	87	1	39
13	86	1	39
14	47	1	40
14	48	1	40
15	71	1	41
15	66	1	41
16	74	1	42
16	64	1	42
17	81	1	43
17	75	1	43
18	52	1	44
18	49	1	44
19	55	1	45
19	53	1	45
20	46	1	46
20	57	1	46
21	49	1	47
21	68	1	47
22	104	1	48
22	81	1	48
23	70	1	49
23	59	1	49
24	71	1	50
24	63	1	50
25	80	1	51
25	61	1	51
14	49	1	52
14	46	1	52
26	77	1	53
26	67	1	53
27	55	1	54
27	47	1	54
28	67	1	55
28	71	1	55
29	76	1	56
29	71	1	56
30	79	1	57
30	72	1	57
31	42	1	58
31	43	1	58
32	69	1	59
32	59	1	59
33	55	1	60
33	56	1	60
34	58	1	61
34	62	1	61
0	75	1	0
0	58	1	0
1	64	1	1
1	48	1	1
2	36	1	2
2	28	1	2
3	68	1	3
3	52	1	3
4	43	1	4
4	38	1	4
5	54	1	5
5	42	1	5
6	69	1	6
6	52	1	6
7	52	1	7
7	39	1	7
8	38	1	8
8	19	1	8
9	43	1	9
9	35	1	9
10	56	1	10
10	52	1	10
11	42	1	11
11	31	1	11
12	77	1	12
12	57	1	12
13	47	1	13
13	38	1	13
14	46	1	14
14	34	1	14
15	52	1	15
15	43	1	15
16	63	1	16
16	47	1	16
17	39	1	17
17	28	1	17
18	50	1	18
18	34	1	18
19	41	1	19
19	30	1	19
20	56	1	20
20	43	1	20
21	44	1	21
21	34	1	21
22	56	1	22
22	50	1	22
23	57	1	23
23	35	1	23
24	47	1	24
24	37	1	24
25	59	1	25
25	40	1	25
0	56	1	26
0	50	1	26
1	81	1	27
1	74	1	27
2	36	1	28
2	26	1	28
3	62	1	29
3	58	1	29
4	63	1	30
4	48	1	30
5	55	1	31
5	38	1	31
6	55	1	32
6	45	1	32
7	62	1	33
7	42	1	33
8	55	1	34
8	34	1	34
9	51	1	35
9	41	1	35
10	55	1	36
10	46	1	36
11	30	1	37
11	30	1	37
12	78	1	38
12	64	1	38
13	64	1	39
13	47	1	39
14	46	1	40
14	39	1	40
15	57	1	41
15	52	1	41
16	68	1	42
16	53	1	42
17	68	1	43
17	58	1	43
18	47	1	44
18	36	1	44
19	41	1	45
19	36	1	45
20	49	1	46
20	44	1	46
21	45	1	47
21	33	1	47
22	70	1	48
22	56	1	48
23	61	1	49
23	41	1	49
24	61	1	50
24	44	1	50
25	66	1	51
25	52	1	51
14	53	1	52
14	50	1	52
26	34	1	53
26	31	1	53
27	37	1	54
27	32	1	54
28	53	1	55
28	48	1	55
29	58	1	56
29	45	1	56
30	43	1	57
30	36	1	57
31	42	1	58
31	39	1	58
32	50	1	59
32	40	1	59
33	52	1	60
33	47	1	60
34	50	1	61
34	39	1	61
0	227	2	0
0	120	2	0
1	123	2	1
1	90	2	1
2	77	2	2
2	48	2	2
3	152	2	3
3	85	2	3
4	105	2	4
4	58	2	4
5	142	2	5
5	78	2	5
6	149	2	6
6	81	2	6
7	90	2	7
7	61	2	7
8	47	2	8
8	33	2	8
9	45	2	9
9	44	2	9
10	92	2	10
10	56	2	10
11	73	2	11
11	51	2	11
12	165	2	12
12	109	2	12
13	102	2	13
13	81	2	13
14	75	2	14
14	57	2	14
15	79	2	15
15	74	2	15
16	140	2	16
16	91	2	16
17	128	2	17
17	82	2	17
18	73	2	18
18	64	2	18
19	58	2	19
19	43	2	19
20	84	2	20
20	58	2	20
21	57	2	21
21	37	2	21
22	137	2	22
22	77	2	22
23	57	2	23
23	43	2	23
24	80	2	24
24	73	2	24
25	69	2	25
25	56	2	25
0	77	2	26
0	77	2	26
1	108	2	27
1	97	2	27
2	92	2	28
2	45	2	28
3	83	2	29
3	65	2	29
4	109	2	30
4	96	2	30
5	87	2	31
5	56	2	31
6	101	2	32
6	74	2	32
7	77	2	33
7	65	2	33
8	42	2	34
8	52	2	34
9	60	2	35
9	59	2	35
10	79	2	36
10	58	2	36
11	53	2	37
11	50	2	37
12	119	2	38
12	92	2	38
13	62	2	39
13	55	2	39
14	69	2	40
14	74	2	40
15	74	2	41
15	64	2	41
16	92	2	42
16	90	2	42
17	100	2	43
17	92	2	43
18	96	2	44
18	66	2	44
19	61	2	45
19	51	2	45
20	66	2	46
20	53	2	46
21	71	2	47
21	47	2	47
22	173	2	48
22	83	2	48
23	80	2	49
23	59	2	49
24	89	2	50
24	73	2	50
25	97	2	51
25	73	2	51
14	72	2	52
14	60	2	52
26	84	2	53
26	62	2	53
27	74	2	54
27	56	2	54
28	92	2	55
28	79	2	55
29	89	2	56
29	74	2	56
30	107	2	57
30	84	2	57
31	67	2	58
31	73	2	58
32	55	2	59
32	68	2	59
33	76	2	60
33	72	2	60
34	75	2	61
34	83	2	61
0	63	2	0
0	55	2	0
1	63	2	1
1	51	2	1
2	32	2	2
2	27	2	2
3	68	2	3
3	42	2	3
4	57	2	4
4	36	2	4
5	87	2	5
5	58	2	5
6	79	2	6
6	72	2	6
7	69	2	7
7	50	2	7
8	43	2	8
8	35	2	8
9	47	2	9
9	45	2	9
10	54	2	10
10	48	2	10
11	40	2	11
11	36	2	11
12	69	2	12
12	66	2	12
13	52	2	13
13	45	2	13
14	46	2	14
14	30	2	14
15	47	2	15
15	48	2	15
16	93	2	16
16	51	2	16
17	50	2	17
17	37	2	17
18	60	2	18
18	50	2	18
19	40	2	19
19	40	2	19
20	41	2	20
20	40	2	20
21	57	2	21
21	38	2	21
22	79	2	22
22	64	2	22
23	40	2	23
23	43	2	23
24	63	2	24
24	67	2	24
25	80	2	25
25	78	2	25
0	88	2	26
0	59	2	26
1	88	2	27
1	77	2	27
2	32	2	28
2	27	2	28
3	50	2	29
3	59	2	29
4	49	2	30
4	52	2	30
5	48	2	31
5	54	2	31
6	67	2	32
6	68	2	32
7	66	2	33
7	62	2	33
8	31	2	34
8	54	2	34
9	43	2	35
9	65	2	35
10	60	2	36
10	54	2	36
11	33	2	37
11	36	2	37
12	79	2	38
12	87	2	38
13	67	2	39
13	70	2	39
14	48	2	40
14	41	2	40
15	46	2	41
15	40	2	41
16	53	2	42
16	46	2	42
17	77	2	43
17	65	2	43
18	48	2	44
18	50	2	44
19	42	2	45
19	44	2	45
20	36	2	46
20	38	2	46
21	48	2	47
21	45	2	47
22	82	2	48
22	70	2	48
23	39	2	49
23	35	2	49
24	36	2	50
24	35	2	50
25	88	2	51
25	66	2	51
14	39	2	52
14	41	2	52
26	58	2	53
26	59	2	53
27	48	2	54
27	55	2	54
28	55	2	55
28	59	2	55
29	55	2	56
29	55	2	56
30	62	2	57
30	66	2	57
31	42	2	58
31	45	2	58
32	46	2	59
32	52	2	59
33	49	2	60
33	48	2	60
34	42	2	61
34	43	2	61
0	68	2	0
0	81	2	0
1	64	2	1
1	76	2	1
2	41	2	2
2	52	2	2
3	69	2	3
3	91	2	3
4	51	2	4
4	57	2	4
5	44	2	5
5	64	2	5
6	66	2	6
6	78	2	6
7	53	2	7
7	70	2	7
8	33	2	8
8	40	2	8
9	44	2	9
9	46	2	9
10	76	2	10
10	80	2	10
11	27	2	11
11	28	2	11
12	77	2	12
12	96	2	12
13	60	2	13
13	59	2	13
14	50	2	14
14	52	2	14
15	64	2	15
15	59	2	15
16	67	2	16
16	70	2	16
17	51	2	17
17	55	2	17
18	58	2	18
18	50	2	18
19	54	2	19
19	59	2	19
20	63	2	20
20	63	2	20
21	60	2	21
21	48	2	21
22	78	2	22
22	80	2	22
23	58	2	23
23	62	2	23
24	76	2	24
24	64	2	24
25	65	2	25
25	69	2	25
0	83	2	26
0	93	2	26
1	99	2	27
1	122	2	27
2	52	2	28
2	58	2	28
3	64	2	29
3	81	2	29
4	102	2	30
4	104	2	30
5	78	2	31
5	86	2	31
6	65	2	32
6	85	2	32
7	71	2	33
7	99	2	33
8	29	2	34
8	42	2	34
9	63	2	35
9	61	2	35
10	72	2	36
10	81	2	36
11	52	2	37
11	69	2	37
12	87	2	38
12	94	2	38
13	69	2	39
13	124	2	39
14	61	2	40
14	71	2	40
15	71	2	41
15	75	2	41
16	73	2	42
16	89	2	42
17	86	2	43
17	105	2	43
18	67	2	44
18	60	2	44
19	66	2	45
19	69	2	45
20	57	2	46
20	54	2	46
21	58	2	47
21	66	2	47
22	92	2	48
22	100	2	48
23	78	2	49
23	76	2	49
24	72	2	50
24	72	2	50
25	69	2	51
25	75	2	51
14	60	2	52
14	63	2	52
26	49	2	53
26	49	2	53
27	71	2	54
27	72	2	54
28	74	2	55
28	73	2	55
29	74	2	56
29	75	2	56
30	84	2	57
30	81	2	57
31	62	2	58
31	54	2	58
32	71	2	59
32	76	2	59
33	75	2	60
33	72	2	60
34	71	2	61
34	76	2	61
0	55	2	0
0	74	2	0
1	46	2	1
1	63	2	1
2	35	2	2
2	46	2	2
3	56	2	3
3	64	2	3
4	43	2	4
4	65	2	4
5	58	2	5
5	67	2	5
6	66	2	6
6	79	2	6
7	42	2	7
7	59	2	7
8	29	2	8
8	54	2	8
9	36	2	9
9	46	2	9
10	50	2	10
10	57	2	10
11	39	2	11
11	45	2	11
12	67	2	12
12	69	2	12
13	34	2	13
13	42	2	13
14	42	2	14
14	55	2	14
15	55	2	15
15	59	2	15
16	64	2	16
16	94	2	16
17	40	2	17
17	55	2	17
18	46	2	18
18	59	2	18
19	33	2	19
19	62	2	19
20	39	2	20
20	56	2	20
21	45	2	21
21	50	2	21
22	58	2	22
22	80	2	22
23	37	2	23
23	52	2	23
24	40	2	24
24	67	2	24
25	61	2	25
25	88	2	25
0	72	2	26
0	78	2	26
1	94	2	27
1	87	2	27
2	48	2	28
2	48	2	28
3	85	2	29
3	85	2	29
4	68	2	30
4	83	2	30
5	48	2	31
5	68	2	31
6	69	2	32
6	72	2	32
7	94	2	33
7	93	2	33
8	51	2	34
8	37	2	34
9	47	2	35
9	49	2	35
10	76	2	36
10	65	2	36
11	52	2	37
11	48	2	37
12	85	2	38
12	110	2	38
13	88	2	39
13	78	2	39
14	68	2	40
14	55	2	40
15	68	2	41
15	67	2	41
16	77	2	42
16	72	2	42
17	88	2	43
17	77	2	43
18	61	2	44
18	64	2	44
19	62	2	45
19	55	2	45
20	61	2	46
20	58	2	46
21	59	2	47
21	53	2	47
22	89	2	48
22	92	2	48
23	57	2	49
23	54	2	49
24	61	2	50
24	52	2	50
25	73	2	51
25	79	2	51
14	56	2	52
14	51	2	52
26	30	2	53
26	35	2	53
27	61	2	54
27	54	2	54
28	70	2	55
28	72	2	55
29	79	2	56
29	80	2	56
30	80	2	57
30	81	2	57
31	63	2	58
31	57	2	58
32	48	2	59
32	49	2	59
33	63	2	60
33	64	2	60
34	62	2	61
34	63	2	61
0	174	2	0
0	107	2	0
1	143	2	1
1	76	2	1
2	68	2	2
2	44	2	2
3	123	2	3
3	71	2	3
4	96	2	4
4	64	2	4
5	98	2	5
5	61	2	5
6	178	2	6
6	91	2	6
7	120	2	7
7	64	2	7
8	98	2	8
8	70	2	8
9	99	2	9
9	55	2	9
10	95	2	10
10	66	2	10
11	70	2	11
11	32	2	11
12	145	2	12
12	110	2	12
13	95	2	13
13	55	2	13
14	100	2	14
14	56	2	14
15	102	2	15
15	75	2	15
16	116	2	16
16	89	2	16
17	77	2	17
17	68	2	17
18	76	2	18
18	87	2	18
19	67	2	19
19	68	2	19
20	103	2	20
20	85	2	20
21	78	2	21
21	69	2	21
22	130	2	22
22	125	2	22
23	77	2	23
23	56	2	23
24	54	2	24
24	51	2	24
25	87	2	25
25	76	2	25
0	107	2	26
0	110	2	26
1	142	2	27
1	93	2	27
2	57	2	28
2	68	2	28
3	68	2	29
3	84	2	29
4	66	2	30
4	73	2	30
5	71	2	31
5	82	2	31
6	133	2	32
6	175	2	32
7	81	2	33
7	148	2	33
8	72	2	34
8	77	2	34
9	79	2	35
9	54	2	35
10	97	2	36
10	81	2	36
11	70	2	37
11	83	2	37
12	108	2	38
12	92	2	38
13	71	2	39
13	86	2	39
14	68	2	40
14	69	2	40
15	107	2	41
15	99	2	41
16	93	2	42
16	85	2	42
17	100	2	43
17	110	2	43
18	79	2	44
18	85	2	44
19	54	2	45
19	54	2	45
20	73	2	46
20	68	2	46
21	93	2	47
21	85	2	47
22	147	2	48
22	113	2	48
23	67	2	49
23	58	2	49
24	50	2	50
24	75	2	50
25	70	2	51
25	89	2	51
14	49	2	52
14	51	2	52
26	42	2	53
26	25	2	53
27	53	2	54
27	49	2	54
28	58	2	55
28	55	2	55
29	60	2	56
29	50	2	56
30	71	2	57
30	62	2	57
31	49	2	58
31	43	2	58
32	54	2	59
32	45	2	59
33	72	2	60
33	64	2	60
34	60	2	61
34	57	2	61
0	107	2	0
0	65	2	0
1	75	2	1
1	61	2	1
2	42	2	2
2	31	2	2
3	68	2	3
3	49	2	3
4	51	2	4
4	41	2	4
5	69	2	5
5	57	2	5
6	63	2	6
6	53	2	6
7	44	2	7
7	44	2	7
8	33	2	8
8	28	2	8
9	49	2	9
9	39	2	9
10	59	2	10
10	50	2	10
11	46	2	11
11	36	2	11
12	61	2	12
12	68	2	12
13	41	2	13
13	42	2	13
14	32	2	14
14	31	2	14
15	53	2	15
15	52	2	15
16	57	2	16
16	55	2	16
17	35	2	17
17	38	2	17
18	42	2	18
18	36	2	18
19	45	2	19
19	38	2	19
20	29	2	20
20	28	2	20
21	30	2	21
21	33	2	21
22	48	2	22
22	53	2	22
23	34	2	23
23	44	2	23
24	46	2	24
24	50	2	24
25	43	2	25
25	45	2	25
0	43	2	26
0	80	2	26
1	80	2	27
1	84	2	27
2	31	2	28
2	37	2	28
3	58	2	29
3	62	2	29
4	57	2	30
4	78	2	30
5	47	2	31
5	62	2	31
6	40	2	32
6	40	2	32
7	51	2	33
7	58	2	33
8	58	2	34
8	58	2	34
9	31	2	35
9	34	2	35
10	50	2	36
10	50	2	36
11	30	2	37
11	38	2	37
12	65	2	38
12	74	2	38
13	63	2	39
13	71	2	39
14	39	2	40
14	45	2	40
15	49	2	41
15	59	2	41
16	59	2	42
16	61	2	42
17	64	2	43
17	69	2	43
18	48	2	44
18	59	2	44
19	40	2	45
19	46	2	45
20	31	2	46
20	32	2	46
21	31	2	47
21	39	2	47
22	51	2	48
22	56	2	48
23	44	2	49
23	45	2	49
24	41	2	50
24	47	2	50
25	52	2	51
25	58	2	51
14	48	2	52
14	42	2	52
26	57	2	53
26	72	2	53
27	48	2	54
27	46	2	54
28	60	2	55
28	59	2	55
29	48	2	56
29	42	2	56
30	48	2	57
30	48	2	57
31	40	2	58
31	48	2	58
32	57	2	59
32	49	2	59
33	54	2	60
33	43	2	60
34	53	2	61
34	49	2	61
0	57	2	0
0	67	2	0
1	58	2	1
1	49	2	1
2	37	2	2
2	37	2	2
3	45	2	3
3	70	2	3
4	53	2	4
4	52	2	4
5	35	2	5
5	46	2	5
6	79	2	6
6	71	2	6
7	48	2	7
7	47	2	7
8	36	2	8
8	32	2	8
9	38	2	9
9	44	2	9
10	93	2	10
10	82	2	10
11	37	2	11
11	38	2	11
12	58	2	12
12	56	2	12
13	36	2	13
13	39	2	13
14	33	2	14
14	27	2	14
15	48	2	15
15	44	2	15
16	86	2	16
16	63	2	16
17	51	2	17
17	32	2	17
18	46	2	18
18	38	2	18
19	51	2	19
19	36	2	19
20	33	2	20
20	25	2	20
21	25	2	21
21	26	2	21
22	52	2	22
22	47	2	22
23	37	2	23
23	37	2	23
24	46	2	24
24	41	2	24
25	49	2	25
25	46	2	25
0	67	2	26
0	49	2	26
1	81	2	27
1	70	2	27
2	34	2	28
2	28	2	28
3	55	2	29
3	50	2	29
4	78	2	30
4	64	2	30
5	50	2	31
5	52	2	31
6	55	2	32
6	48	2	32
7	66	2	33
7	74	2	33
8	21	2	34
8	22	2	34
9	48	2	35
9	49	2	35
10	66	2	36
10	68	2	36
11	33	2	37
11	33	2	37
12	62	2	38
12	66	2	38
13	48	2	39
13	47	2	39
14	32	2	40
14	35	2	40
15	45	2	41
15	46	2	41
16	55	2	42
16	48	2	42
17	60	2	43
17	60	2	43
18	43	2	44
18	44	2	44
19	34	2	45
19	38	2	45
20	29	2	46
20	29	2	46
21	30	2	47
21	36	2	47
22	51	2	48
22	49	2	48
23	36	2	49
23	25	2	49
24	43	2	50
24	43	2	50
25	46	2	51
25	46	2	51
14	32	2	52
14	31	2	52
26	37	2	53
26	34	2	53
27	38	2	54
27	32	2	54
28	51	2	55
28	49	2	55
29	52	2	56
29	37	2	56
30	50	2	57
30	50	2	57
31	37	2	58
31	37	2	58
32	42	2	59
32	46	2	59
33	47	2	60
33	50	2	60
34	56	2	61
34	59	2	61
0	49	2	0
0	43	2	0
1	44	2	1
1	40	2	1
2	21	2	2
2	24	2	2
3	42	2	3
3	40	2	3
4	31	2	4
4	31	2	4
5	50	2	5
5	45	2	5
6	54	2	6
6	48	2	6
7	35	2	7
7	34	2	7
8	22	2	8
8	26	2	8
9	44	2	9
9	49	2	9
10	61	2	10
10	61	2	10
11	33	2	11
11	29	2	11
12	61	2	12
12	61	2	12
13	52	2	13
13	38	2	13
14	36	2	14
14	28	2	14
15	42	2	15
15	44	2	15
16	54	2	16
16	51	2	16
17	27	2	17
17	27	2	17
18	39	2	18
18	39	2	18
19	34	2	19
19	33	2	19
20	33	2	20
20	33	2	20
21	28	2	21
21	34	2	21
22	69	2	22
22	64	2	22
23	31	2	23
23	31	2	23
24	30	2	24
24	27	2	24
25	38	2	25
25	39	2	25
0	55	2	26
0	61	2	26
1	77	2	27
1	64	2	27
2	26	2	28
2	27	2	28
3	47	2	29
3	50	2	29
4	44	2	30
4	45	2	30
5	50	2	31
5	49	2	31
6	56	2	32
6	50	2	32
7	43	2	33
7	52	2	33
8	19	2	34
8	18	2	34
9	61	2	35
9	66	2	35
10	43	2	36
10	47	2	36
11	22	2	37
11	20	2	37
12	59	2	38
12	59	2	38
13	49	2	39
13	48	2	39
14	34	2	40
14	36	2	40
15	37	2	41
15	47	2	41
16	50	2	42
16	48	2	42
17	55	2	43
17	54	2	43
18	37	2	44
18	35	2	44
19	39	2	45
19	39	2	45
20	37	2	46
20	40	2	46
21	24	2	47
21	31	2	47
22	60	2	48
22	52	2	48
23	40	2	49
23	32	2	49
24	26	2	50
24	34	2	50
25	44	2	51
25	39	2	51
14	31	2	52
14	28	2	52
26	27	2	53
26	25	2	53
27	40	2	54
27	36	2	54
28	42	2	55
28	40	2	55
29	32	2	56
29	36	2	56
30	42	2	57
30	43	2	57
31	33	2	58
31	30	2	58
32	40	2	59
32	45	2	59
33	46	2	60
33	45	2	60
34	39	2	61
34	40	2	61
0	94	2	0
0	87	2	0
1	71	2	1
1	63	2	1
2	43	2	2
2	38	2	2
3	80	2	3
3	77	2	3
4	50	2	4
4	47	2	4
5	57	2	5
5	59	2	5
6	79	2	6
6	60	2	6
7	52	2	7
7	56	2	7
8	24	2	8
8	29	2	8
9	46	2	9
9	50	2	9
10	61	2	10
10	70	2	10
11	44	2	11
11	43	2	11
12	82	2	12
12	77	2	12
13	59	2	13
13	47	2	13
14	41	2	14
14	40	2	14
15	55	2	15
15	56	2	15
16	72	2	16
16	77	2	16
17	44	2	17
17	36	2	17
18	39	2	18
18	43	2	18
19	38	2	19
19	41	2	19
20	73	2	20
20	69	2	20
21	83	2	21
21	46	2	21
22	68	2	22
22	62	2	22
23	58	2	23
23	47	2	23
24	62	2	24
24	53	2	24
25	54	2	25
25	52	2	25
0	63	2	26
0	50	2	26
1	78	2	27
1	67	2	27
2	37	2	28
2	39	2	28
3	55	2	29
3	55	2	29
4	79	2	30
4	73	2	30
5	55	2	31
5	54	2	31
6	82	2	32
6	74	2	32
7	74	2	33
7	78	2	33
8	84	2	34
8	65	2	34
9	58	2	35
9	56	2	35
10	63	2	36
10	72	2	36
11	47	2	37
11	44	2	37
12	71	2	38
12	58	2	38
13	59	2	39
13	60	2	39
14	48	2	40
14	48	2	40
15	48	2	41
15	48	2	41
16	82	2	42
16	70	2	42
17	67	2	43
17	81	2	43
18	45	2	44
18	50	2	44
19	43	2	45
19	39	2	45
20	73	2	46
20	30	2	46
21	45	2	47
21	48	2	47
22	64	2	48
22	63	2	48
23	46	2	49
23	47	2	49
24	52	2	50
24	52	2	50
25	54	2	51
25	50	2	51
14	42	2	52
14	48	2	52
26	40	2	53
26	33	2	53
27	35	2	54
27	29	2	54
28	51	2	55
28	46	2	55
29	46	2	56
29	76	2	56
30	64	2	57
30	72	2	57
31	42	2	58
31	46	2	58
32	54	2	59
32	51	2	59
33	57	2	60
33	53	2	60
34	62	2	61
34	54	2	61
0	87	2	0
0	65	2	0
1	68	2	1
1	55	2	1
2	28	2	2
2	25	2	2
3	87	2	3
3	64	2	3
4	53	2	4
4	40	2	4
5	78	2	5
5	60	2	5
6	95	2	6
6	71	2	6
7	60	2	7
7	47	2	7
8	86	2	8
8	47	2	8
9	65	2	9
9	47	2	9
10	66	2	10
10	53	2	10
11	54	2	11
11	41	2	11
12	80	2	12
12	69	2	12
13	64	2	13
13	44	2	13
14	49	2	14
14	34	2	14
15	67	2	15
15	57	2	15
16	94	2	16
16	63	2	16
17	47	2	17
17	36	2	17
18	53	2	18
18	33	2	18
19	67	2	19
19	41	2	19
20	79	2	20
20	90	2	20
21	46	2	21
21	37	2	21
22	84	2	22
22	68	2	22
23	66	2	23
23	43	2	23
24	54	2	24
24	44	2	24
25	65	2	25
25	42	2	25
0	72	2	26
0	56	2	26
1	80	2	27
1	63	2	27
2	27	2	28
2	24	2	28
3	59	2	29
3	55	2	29
4	60	2	30
4	54	2	30
5	54	2	31
5	50	2	31
6	55	2	32
6	43	2	32
7	66	2	33
7	59	2	33
8	21	2	34
8	22	2	34
9	53	2	35
9	53	2	35
10	55	2	36
10	57	2	36
11	34	2	37
11	32	2	37
12	95	2	38
12	64	2	38
13	73	2	39
13	62	2	39
14	40	2	40
14	38	2	40
15	61	2	41
15	52	2	41
16	60	2	42
16	56	2	42
17	57	2	43
17	51	2	43
18	44	2	44
18	38	2	44
19	50	2	45
19	44	2	45
20	40	2	46
20	42	2	46
21	51	2	47
21	43	2	47
22	101	2	48
22	88	2	48
23	53	2	49
23	44	2	49
24	44	2	50
24	48	2	50
25	73	2	51
25	47	2	51
14	88	2	52
14	55	2	52
26	48	2	53
26	50	2	53
27	39	2	54
27	33	2	54
28	51	2	55
28	46	2	55
29	61	2	56
29	56	2	56
30	69	2	57
30	65	2	57
31	40	2	58
31	39	2	58
32	54	2	59
32	54	2	59
33	51	2	60
33	50	2	60
34	55	2	61
34	45	2	61
0	53	2	0
0	76	2	0
1	59	2	1
1	53	2	1
2	30	2	2
2	41	2	2
3	59	2	3
3	64	2	3
4	40	2	4
4	52	2	4
5	58	2	5
5	64	2	5
6	63	2	6
6	74	2	6
7	44	2	7
7	59	2	7
8	30	2	8
8	31	2	8
9	49	2	9
9	48	2	9
10	46	2	10
10	55	2	10
11	47	2	11
11	93	2	11
12	71	2	12
12	78	2	12
13	39	2	13
13	47	2	13
14	36	2	14
14	38	2	14
15	48	2	15
15	53	2	15
16	66	2	16
16	81	2	16
17	33	2	17
17	30	2	17
18	38	2	18
18	35	2	18
19	43	2	19
19	55	2	19
20	46	2	20
20	61	2	20
21	46	2	21
21	46	2	21
22	53	2	22
22	54	2	22
23	37	2	23
23	37	2	23
24	57	2	24
24	57	2	24
25	58	2	25
25	56	2	25
0	67	2	26
0	78	2	26
1	78	2	27
1	98	2	27
2	29	2	28
2	38	2	28
3	49	2	29
3	53	2	29
4	93	2	30
4	105	2	30
5	70	2	31
5	81	2	31
6	51	2	32
6	54	2	32
7	77	2	33
7	80	2	33
8	63	2	34
8	67	2	34
9	48	2	35
9	64	2	35
10	54	2	36
10	62	2	36
11	47	2	37
11	43	2	37
12	69	2	38
12	67	2	38
13	56	2	39
13	59	2	39
14	40	2	40
14	38	2	40
15	45	2	41
15	50	2	41
16	60	2	42
16	69	2	42
17	58	2	43
17	69	2	43
18	39	2	44
18	46	2	44
19	40	2	45
19	51	2	45
20	35	2	46
20	40	2	46
21	41	2	47
21	41	2	47
22	58	2	48
22	67	2	48
23	50	2	49
23	58	2	49
24	54	2	50
24	51	2	50
25	66	2	51
25	66	2	51
14	45	2	52
14	47	2	52
26	59	2	53
26	60	2	53
27	41	2	54
27	53	2	54
28	50	2	55
28	53	2	55
29	41	2	56
29	47	2	56
30	74	2	57
30	100	2	57
31	40	2	58
31	41	2	58
32	58	2	59
32	70	2	59
33	51	2	60
33	57	2	60
34	49	2	61
34	53	2	61
0	122	2	0
0	78	2	0
1	85	2	1
1	67	2	1
2	36	2	2
2	33	2	2
3	94	2	3
3	93	2	3
4	57	2	4
4	47	2	4
5	82	2	5
5	73	2	5
6	96	2	6
6	86	2	6
7	77	2	7
7	63	2	7
8	42	2	8
8	49	2	8
9	67	2	9
9	83	2	9
10	71	2	10
10	68	2	10
11	55	2	11
11	47	2	11
12	155	2	12
12	79	2	12
13	62	2	13
13	61	2	13
14	49	2	14
14	51	2	14
15	66	2	15
15	63	2	15
16	77	2	16
16	76	2	16
17	57	2	17
17	56	2	17
18	55	2	18
18	54	2	18
19	63	2	19
19	62	2	19
20	61	2	20
20	58	2	20
21	69	2	21
21	58	2	21
22	72	2	22
22	64	2	22
23	53	2	23
23	53	2	23
24	85	2	24
24	77	2	24
25	72	2	25
25	64	2	25
0	74	2	26
0	61	2	26
1	89	2	27
1	79	2	27
2	41	2	28
2	35	2	28
3	65	2	29
3	57	2	29
4	80	2	30
4	89	2	30
5	61	2	31
5	62	2	31
6	56	2	32
6	52	2	32
7	67	2	33
7	69	2	33
8	28	2	34
8	35	2	34
9	37	2	35
9	32	2	35
10	59	2	36
10	65	2	36
11	40	2	37
11	37	2	37
12	69	2	38
12	60	2	38
13	57	2	39
13	56	2	39
14	45	2	40
14	46	2	40
15	61	2	41
15	59	2	41
16	70	2	42
16	67	2	42
17	71	2	43
17	69	2	43
18	49	2	44
18	46	2	44
19	58	2	45
19	54	2	45
20	44	2	46
20	41	2	46
21	41	2	47
21	41	2	47
22	72	2	48
22	69	2	48
23	43	2	49
23	59	2	49
24	50	2	50
24	58	2	50
25	64	2	51
25	71	2	51
14	61	2	52
14	41	2	52
26	45	2	53
26	35	2	53
27	48	2	54
27	49	2	54
28	59	2	55
28	54	2	55
29	55	2	56
29	69	2	56
30	68	2	57
30	69	2	57
31	49	2	58
31	50	2	58
32	53	2	59
32	59	2	59
33	57	2	60
33	60	2	60
34	54	2	61
34	60	2	61
0	75	2	0
0	85	2	0
1	110	2	1
1	142	2	1
2	55	2	2
2	59	2	2
3	97	2	3
3	93	2	3
4	64	2	4
4	54	2	4
5	71	2	5
5	79	2	5
6	87	2	6
6	111	2	6
7	84	2	7
7	86	2	7
8	65	2	8
8	65	2	8
9	83	2	9
9	80	2	9
10	104	2	10
10	94	2	10
11	81	2	11
11	75	2	11
12	185	2	12
12	101	2	12
13	81	2	13
13	76	2	13
14	62	2	14
14	77	2	14
15	99	2	15
15	105	2	15
16	121	2	16
16	114	2	16
17	53	2	17
17	74	2	17
18	59	2	18
18	80	2	18
19	76	2	19
19	93	2	19
20	96	2	20
20	97	2	20
21	128	2	21
21	84	2	21
22	75	2	22
22	86	2	22
23	55	2	23
23	59	2	23
24	52	2	24
24	102	2	24
25	75	2	25
25	78	2	25
0	71	2	26
0	68	2	26
1	93	2	27
1	80	2	27
2	44	2	28
2	55	2	28
3	73	2	29
3	63	2	29
4	71	2	30
4	72	2	30
5	67	2	31
5	82	2	31
6	98	2	32
6	104	2	32
7	84	2	33
7	88	2	33
8	34	2	34
8	24	2	34
9	73	2	35
9	70	2	35
10	64	2	36
10	82	2	36
11	102	2	37
11	87	2	37
12	83	2	38
12	85	2	38
13	85	2	39
13	68	2	39
14	61	2	40
14	79	2	40
15	76	2	41
15	63	2	41
16	102	2	42
16	111	2	42
17	71	2	43
17	72	2	43
18	55	2	44
18	54	2	44
19	47	2	45
19	52	2	45
20	79	2	46
20	61	2	46
21	60	2	47
21	60	2	47
22	81	2	48
22	110	2	48
23	61	2	49
23	67	2	49
24	98	2	50
24	57	2	50
25	76	2	51
25	117	2	51
14	94	2	52
14	56	2	52
26	52	2	53
26	42	2	53
27	73	2	54
27	48	2	54
28	66	2	55
28	62	2	55
29	108	2	56
29	84	2	56
30	65	2	57
30	75	2	57
31	75	2	58
31	72	2	58
32	68	2	59
32	71	2	59
33	77	2	60
33	77	2	60
34	80	2	61
34	80	2	61
0	140	2	0
0	114	2	0
1	86	2	1
1	76	2	1
2	48	2	2
2	50	2	2
3	129	2	3
3	121	2	3
4	90	2	4
4	84	2	4
5	101	2	5
5	125	2	5
6	129	2	6
6	120	2	6
7	84	2	7
7	73	2	7
8	67	2	8
8	76	2	8
9	103	2	9
9	106	2	9
10	49	2	10
10	66	2	10
11	63	2	11
11	82	2	11
12	103	2	12
12	168	2	12
13	112	2	13
13	98	2	13
14	76	2	14
14	93	2	14
15	68	2	15
15	66	2	15
16	78	2	16
16	93	2	16
17	65	2	17
17	72	2	17
18	59	2	18
18	83	2	18
19	71	2	19
19	82	2	19
20	91	2	20
20	113	2	20
21	70	2	21
21	72	2	21
22	107	2	22
22	110	2	22
23	58	2	23
23	49	2	23
24	79	2	24
24	133	2	24
25	69	2	25
25	100	2	25
0	103	2	26
0	139	2	26
1	95	2	27
1	124	2	27
2	50	2	28
2	69	2	28
3	92	2	29
3	101	2	29
4	104	2	30
4	95	2	30
5	76	2	31
5	102	2	31
6	78	2	32
6	87	2	32
7	93	2	33
7	102	2	33
8	100	2	34
8	93	2	34
9	57	2	35
9	78	2	35
10	89	2	36
10	95	2	36
11	74	2	37
11	83	2	37
12	182	2	38
12	213	2	38
13	121	2	39
13	127	2	39
14	112	2	40
14	149	2	40
15	92	2	41
15	95	2	41
16	99	2	42
16	136	2	42
17	90	2	43
17	129	2	43
18	68	2	44
18	73	2	44
19	53	2	45
19	79	2	45
20	54	2	46
20	100	2	46
21	98	2	47
21	126	2	47
22	210	2	48
22	203	2	48
23	108	2	49
23	149	2	49
24	73	2	50
24	80	2	50
25	133	2	51
25	142	2	51
14	122	2	52
14	108	2	52
26	74	2	53
26	86	2	53
27	88	2	54
27	112	2	54
28	86	2	55
28	91	2	55
29	70	2	56
29	86	2	56
30	63	2	57
30	106	2	57
31	62	2	58
31	101	2	58
32	69	2	59
32	132	2	59
33	94	2	60
33	139	2	60
34	85	2	61
34	128	2	61
0	59	2	0
0	79	2	0
1	56	2	1
1	63	2	1
2	40	2	2
2	39	2	2
3	62	2	3
3	67	2	3
4	45	2	4
4	46	2	4
5	45	2	5
5	49	2	5
6	70	2	6
6	70	2	6
7	48	2	7
7	56	2	7
8	33	2	8
8	39	2	8
9	49	2	9
9	51	2	9
10	45	2	10
10	51	2	10
11	44	2	11
11	49	2	11
12	77	2	12
12	85	2	12
13	49	2	13
13	58	2	13
14	38	2	14
14	54	2	14
15	48	2	15
15	57	2	15
16	65	2	16
16	73	2	16
17	36	2	17
17	44	2	17
18	46	2	18
18	52	2	18
19	38	2	19
19	46	2	19
20	48	2	20
20	53	2	20
21	37	2	21
21	46	2	21
22	57	2	22
22	60	2	22
23	38	2	23
23	43	2	23
24	57	2	24
24	63	2	24
25	43	2	25
25	49	2	25
0	60	2	26
0	71	2	26
1	74	2	27
1	78	2	27
2	34	2	28
2	41	2	28
3	49	2	29
3	56	2	29
4	51	2	30
4	60	2	30
5	48	2	31
5	50	2	31
6	42	2	32
6	63	2	32
7	52	2	33
7	60	2	33
8	53	2	34
8	59	2	34
9	44	2	35
9	50	2	35
10	46	2	36
10	56	2	36
11	37	2	37
11	44	2	37
12	61	2	38
12	72	2	38
13	61	2	39
13	74	2	39
14	40	2	40
14	40	2	40
15	48	2	41
15	51	2	41
16	51	2	42
16	60	2	42
17	62	2	43
17	68	2	43
18	49	2	44
18	56	2	44
19	37	2	45
19	42	2	45
20	46	2	46
20	61	2	46
21	39	2	47
21	56	2	47
22	66	2	48
22	75	2	48
23	47	2	49
23	42	2	49
24	41	2	50
24	41	2	50
25	56	2	51
25	66	2	51
14	37	2	52
14	38	2	52
26	31	2	53
26	51	2	53
27	51	2	54
27	52	2	54
28	59	2	55
28	58	2	55
29	47	2	56
29	46	2	56
30	67	2	57
30	68	2	57
31	39	2	58
31	42	2	58
32	41	2	59
32	45	2	59
33	49	2	60
33	56	2	60
34	44	2	61
34	48	2	61
0	75	2	0
0	72	2	0
1	69	2	1
1	65	2	1
2	36	2	2
2	40	2	2
3	57	2	3
3	58	2	3
4	50	2	4
4	52	2	4
5	61	2	5
5	60	2	5
6	102	2	6
6	82	2	6
7	63	2	7
7	59	2	7
8	39	2	8
8	48	2	8
9	51	2	9
9	52	2	9
10	94	2	10
10	69	2	10
11	31	2	11
11	33	2	11
12	87	2	12
12	106	2	12
13	64	2	13
13	65	2	13
14	40	2	14
14	50	2	14
15	64	2	15
15	75	2	15
16	66	2	16
16	78	2	16
17	76	2	17
17	47	2	17
18	57	2	18
18	59	2	18
19	56	2	19
19	55	2	19
20	81	2	20
20	64	2	20
21	61	2	21
21	54	2	21
22	106	2	22
22	118	2	22
23	77	2	23
23	70	2	23
24	76	2	24
24	73	2	24
25	73	2	25
25	89	2	25
0	87	2	26
0	68	2	26
1	128	2	27
1	110	2	27
2	48	2	28
2	45	2	28
3	81	2	29
3	76	2	29
4	85	2	30
4	93	2	30
5	90	2	31
5	79	2	31
6	54	2	32
6	58	2	32
7	92	2	33
7	114	2	33
8	35	2	34
8	35	2	34
9	54	2	35
9	57	2	35
10	134	2	36
10	101	2	36
11	95	2	37
11	85	2	37
12	109	2	38
12	101	2	38
13	82	2	39
13	93	2	39
14	51	2	40
14	51	2	40
15	78	2	41
15	74	2	41
16	79	2	42
16	71	2	42
17	120	2	43
17	89	2	43
18	74	2	44
18	60	2	44
19	78	2	45
19	66	2	45
20	58	2	46
20	59	2	46
21	78	2	47
21	66	2	47
22	126	2	48
22	144	2	48
23	79	2	49
23	92	2	49
24	91	2	50
24	114	2	50
25	104	2	51
25	99	2	51
14	52	2	52
14	45	2	52
26	53	2	53
26	50	2	53
27	76	2	54
27	72	2	54
28	79	2	55
28	76	2	55
29	73	2	56
29	82	2	56
30	89	2	57
30	102	2	57
31	48	2	58
31	48	2	58
32	73	2	59
32	79	2	59
33	78	2	60
33	69	2	60
34	110	2	61
34	88	2	61
0	68	2	0
0	65	2	0
1	65	2	1
1	57	2	1
2	37	2	2
2	33	2	2
3	78	2	3
3	63	2	3
4	47	2	4
4	42	2	4
5	78	2	5
5	55	2	5
6	83	2	6
6	71	2	6
7	82	2	7
7	70	2	7
8	46	2	8
8	41	2	8
9	45	2	9
9	40	2	9
10	72	2	10
10	52	2	10
11	50	2	11
11	37	2	11
12	85	2	12
12	69	2	12
13	51	2	13
13	48	2	13
14	50	2	14
14	32	2	14
15	64	2	15
15	54	2	15
16	69	2	16
16	66	2	16
17	33	2	17
17	32	2	17
18	41	2	18
18	47	2	18
19	41	2	19
19	43	2	19
20	57	2	20
20	50	2	20
21	28	2	21
21	33	2	21
22	63	2	22
22	58	2	22
23	41	2	23
23	41	2	23
24	71	2	24
24	62	2	24
25	58	2	25
25	55	2	25
0	67	2	26
0	57	2	26
1	74	2	27
1	65	2	27
2	39	2	28
2	33	2	28
3	52	2	29
3	43	2	29
4	64	2	30
4	48	2	30
5	53	2	31
5	47	2	31
6	60	2	32
6	55	2	32
7	58	2	33
7	72	2	33
8	58	2	34
8	47	2	34
9	48	2	35
9	36	2	35
10	69	2	36
10	59	2	36
11	64	2	37
11	34	2	37
12	106	2	38
12	71	2	38
13	65	2	39
13	48	2	39
14	49	2	40
14	36	2	40
15	45	2	41
15	44	2	41
16	59	2	42
16	51	2	42
17	73	2	43
17	64	2	43
18	58	2	44
18	50	2	44
19	37	2	45
19	34	2	45
20	44	2	46
20	33	2	46
21	53	2	47
21	44	2	47
22	108	2	48
22	69	2	48
23	55	2	49
23	48	2	49
24	67	2	50
24	44	2	50
25	92	2	51
25	67	2	51
14	54	2	52
14	45	2	52
26	52	2	53
26	41	2	53
27	56	2	54
27	52	2	54
28	67	2	55
28	56	2	55
29	64	2	56
29	67	2	56
30	63	2	57
30	57	2	57
31	53	2	58
31	49	2	58
32	58	2	59
32	50	2	59
33	59	2	60
33	52	2	60
34	63	2	61
34	56	2	61
0	128	2	0
0	70	2	0
1	79	2	1
1	66	2	1
2	41	2	2
2	41	2	2
3	72	2	3
3	62	2	3
4	55	2	4
4	44	2	4
5	76	2	5
5	66	2	5
6	97	2	6
6	125	2	6
7	62	2	7
7	57	2	7
8	58	2	8
8	54	2	8
9	67	2	9
9	77	2	9
10	76	2	10
10	67	2	10
11	47	2	11
11	43	2	11
12	100	2	12
12	88	2	12
13	65	2	13
13	65	2	13
14	63	2	14
14	66	2	14
15	76	2	15
15	75	2	15
16	96	2	16
16	88	2	16
17	58	2	17
17	55	2	17
18	53	2	18
18	51	2	18
19	63	2	19
19	56	2	19
20	59	2	20
20	59	2	20
21	63	2	21
21	62	2	21
22	92	2	22
22	81	2	22
23	56	2	23
23	64	2	23
24	76	2	24
24	80	2	24
25	103	2	25
25	84	2	25
0	97	2	26
0	81	2	26
1	93	2	27
1	84	2	27
2	38	2	28
2	33	2	28
3	89	2	29
3	73	2	29
4	72	2	30
4	68	2	30
5	73	2	31
5	70	2	31
6	61	2	32
6	55	2	32
7	86	2	33
7	78	2	33
8	85	2	34
8	70	2	34
9	61	2	35
9	58	2	35
10	72	2	36
10	80	2	36
11	44	2	37
11	43	2	37
12	81	2	38
12	86	2	38
13	74	2	39
13	71	2	39
14	49	2	40
14	42	2	40
15	73	2	41
15	74	2	41
16	63	2	42
16	67	2	42
17	81	2	43
17	83	2	43
18	52	2	44
18	51	2	44
19	52	2	45
19	49	2	45
20	47	2	46
20	44	2	46
21	55	2	47
21	56	2	47
22	73	2	48
22	76	2	48
23	64	2	49
23	60	2	49
24	66	2	50
24	63	2	50
25	79	2	51
25	85	2	51
14	43	2	52
14	38	2	52
26	75	2	53
26	66	2	53
27	56	2	54
27	53	2	54
28	63	2	55
28	57	2	55
29	76	2	56
29	73	2	56
30	71	2	57
30	67	2	57
31	51	2	58
31	40	2	58
32	69	2	59
32	63	2	59
33	64	2	60
33	57	2	60
34	64	2	61
34	56	2	61
0	206	2	0
0	162	2	0
1	156	2	1
1	139	2	1
2	92	2	2
2	82	2	2
3	158	2	3
3	109	2	3
4	146	2	4
4	90	2	4
5	143	2	5
5	97	2	5
6	165	2	6
6	108	2	6
7	164	2	7
7	100	2	7
8	102	2	8
8	71	2	8
9	121	2	9
9	69	2	9
10	145	2	10
10	71	2	10
11	132	2	11
11	83	2	11
12	238	2	12
12	159	2	12
13	185	2	13
13	90	2	13
14	157	2	14
14	75	2	14
15	147	2	15
15	98	2	15
16	118	2	16
16	89	2	16
17	113	2	17
17	75	2	17
18	122	2	18
18	66	2	18
19	88	2	19
19	69	2	19
20	129	2	20
20	87	2	20
21	117	2	21
21	97	2	21
22	122	2	22
22	129	2	22
23	59	2	23
23	53	2	23
24	94	2	24
24	81	2	24
25	104	2	25
25	102	2	25
0	110	2	26
0	75	2	26
1	190	2	27
1	116	2	27
2	113	2	28
2	54	2	28
3	124	2	29
3	81	2	29
4	137	2	30
4	94	2	30
5	130	2	31
5	89	2	31
6	123	2	32
6	68	2	32
7	104	2	33
7	72	2	33
8	52	2	34
8	33	2	34
9	140	2	35
9	74	2	35
10	152	2	36
10	78	2	36
11	95	2	37
11	64	2	37
12	147	2	38
12	123	2	38
13	121	2	39
13	79	2	39
14	102	2	40
14	65	2	40
15	109	2	41
15	76	2	41
16	138	2	42
16	79	2	42
17	135	2	43
17	86	2	43
18	91	2	44
18	61	2	44
19	92	2	45
19	61	2	45
20	102	2	46
20	60	2	46
21	103	2	47
21	62	2	47
22	159	2	48
22	103	2	48
23	76	2	49
23	49	2	49
24	83	2	50
24	51	2	50
25	133	2	51
25	83	2	51
14	120	2	52
14	86	2	52
26	77	2	53
26	54	2	53
27	93	2	54
27	64	2	54
28	89	2	55
28	72	2	55
29	102	2	56
29	83	2	56
30	109	2	57
30	91	2	57
31	86	2	58
31	63	2	58
32	86	2	59
32	63	2	59
33	115	2	60
33	82	2	60
34	92	2	61
34	106	2	61
0	91	2	0
0	218	2	0
1	75	2	1
1	136	2	1
2	47	2	2
2	128	2	2
3	72	2	3
3	174	2	3
4	54	2	4
4	142	2	4
5	76	2	5
5	225	2	5
6	86	2	6
6	216	2	6
7	82	2	7
7	230	2	7
8	74	2	8
8	171	2	8
9	71	2	9
9	176	2	9
10	87	2	10
10	225	2	10
11	72	2	11
11	175	2	11
12	154	2	12
12	210	2	12
13	59	2	13
13	134	2	13
14	58	2	14
14	156	2	14
15	162	2	15
15	236	2	15
16	64	2	16
16	202	2	16
17	51	2	17
17	191	2	17
18	165	2	18
18	120	2	18
19	56	2	19
19	140	2	19
20	67	2	20
20	228	2	20
21	61	2	21
21	126	2	21
22	131	2	22
22	311	2	22
23	69	2	23
23	158	2	23
24	89	2	24
24	173	2	24
25	67	2	25
25	215	2	25
0	76	2	26
0	144	2	26
1	192	2	27
1	276	2	27
2	56	2	28
2	116	2	28
3	90	2	29
3	149	2	29
4	90	2	30
4	121	2	30
5	126	2	31
5	186	2	31
6	93	2	32
6	194	2	32
7	102	2	33
7	196	2	33
8	76	2	34
8	108	2	34
9	148	2	35
9	150	2	35
10	143	2	36
10	220	2	36
11	65	2	37
11	92	2	37
12	160	2	38
12	179	2	38
13	136	2	39
13	125	2	39
14	116	2	40
14	189	2	40
15	88	2	41
15	159	2	41
16	117	2	42
16	127	2	42
17	131	2	43
17	187	2	43
18	68	2	44
18	97	2	44
19	84	2	45
19	149	2	45
20	138	2	46
20	179	2	46
21	115	2	47
21	130	2	47
22	161	2	48
22	208	2	48
23	72	2	49
23	106	2	49
24	159	2	50
24	145	2	50
25	84	2	51
25	126	2	51
14	86	2	52
14	106	2	52
26	68	2	53
26	83	2	53
27	66	2	54
27	106	2	54
28	86	2	55
28	121	2	55
29	91	2	56
29	101	2	56
30	94	2	57
30	117	2	57
31	76	2	58
31	105	2	58
32	94	2	59
32	137	2	59
33	68	2	60
33	150	2	60
34	57	2	61
34	116	2	61
